9.481481481481481 1818597.119932826 1835216.1815046924
9.472006317477751 1809487.6306501974 1826018.2513584106
9.462543774403926 1800426.7018171914 1816869.3727795298
9.453093831253133 1791414.058767274 1807769.261442006
9.443656467060451 1782449.4284773776 1798717.6423719816
9.434231660902796 1773532.5395575184 1789714.246342737
9.424819391898833 1764663.1222404833 1780758.7981713735
9.415419639208876 1755840.9083716036 1771851.022831763
9.406032382034809 1747065.631398604 1762990.6608672831
9.396657599619958 1738337.0263614631 1754177.431191232
9.387295271249016 1729654.8298824232 1745411.0829153517
9.377945376247936 1721018.7801559828 1736691.3355277
9.368607893983858 1712428.6169390369 1728017.9390804688
9.359282803864978 1703884.081541005 1719390.6255485793
9.349970085340479 1695384.9168140772 1710809.1390804476
9.340669717900417 1686930.8671435171 1702273.2184430463
9.331381681075658 1678521.6784380127 1693782.6089864073
9.322105954437744 1670157.0981200892 1685337.0548066834
9.31284251759882 1661836.8751166083 1676936.2996865257
9.303591350211539 1653560.759849309 1668580.0958202647
9.29435243196897 1645328.504225432 1660268.1899686435
9.285125742604496 1637139.8616283832 1652000.3289446267
9.27591126189172 1628994.5869084608 1643776.277847445
9.266708969644382 1620892.4363736613 1635595.7782131715
9.257518845716264 1612833.1677805476 1627458.5891326978
9.24834087000109 1604816.5403251378 1619364.468808785
9.239175022432438 1596842.3146339147 1611313.173667701
9.230021282983643 1588910.2527548294 1603304.4636363713
9.22087963166772 1581020.118148432 1595338.0986415804
9.21175004853726 1573171.6756789957 1587413.8426854825
9.202632513684335 1565364.691605742 1579531.4641588372
9.193527007240409 1557598.9335741182 1571690.717816086
9.18443350937627 1549874.1706071212 1563891.3828631183
9.175352000301897 1542190.17309667 1556133.2137930973
9.166282460266409 1534546.712795059 1548415.9925809877
9.157224869557947 1526943.562806466 1540739.482967614
9.148179208503606 1519380.4975784796 1533103.4569488063
9.139145457469327 1511857.2928937406 1525507.690229876
9.130123596859818 1504373.7258615764 1517951.9573667774
9.121113607118456 1496929.574909736 1510436.0301462882
9.11211546872722 1489524.6197761714 1502959.696865195
9.103129162206567 1482158.6415008528 1495522.724294668
9.094154668115376 1474831.4224176477 1488124.9021943607
9.085191967050834 1467542.7461462598 1480766.0055381441
9.076241039648377 1460292.3975842318 1473445.8187565396
9.06730186658157 1453080.1628989542 1466164.1257575667
9.05837442856204 1445905.8295197915 1458920.71436781
9.049458706339381 1438769.1861301935 1451715.3719435763
9.040554680701078 1431670.0226599236 1444547.878996867
9.031662332472402 1424608.1302772774 1437418.0250783698
9.022781642516335 1417583.3013813912 1430325.6095088753
9.013912591733476 1410595.3295945972 1423270.4174503672
9.005055161061973 1403644.0097548163 1416252.2429467107
8.996209331477411 1396729.137907994 1409270.8835945674
8.987375083992745 1389850.5113006118 1402326.1233019787
8.978552399658199 1383007.928372224 1395417.7739811991
8.969741259561205 1376201.1887480651 1388545.61713688
8.960941644826296 1369430.093231683 1381709.4669801514
8.95215353661502 1362694.443797624 1374909.1093521358
8.943376916125871 1355994.0435841791 1368144.3588819255
8.9346117645942 1349328.696886181 1361415.005120172
8.92585806329212 1342698.2091478107 1354720.8632706401
8.917115793528433 1336102.3869555073 1348061.72502612
8.908384936648538 1329541.0380308642 1341437.4082027168
8.899665474034363 1323013.971223633 1334847.713531864
8.890957387104258 1316520.9965047124 1328292.4539185
8.882260657312932 1310061.924959226 1321771.4289446196
8.873575266151356 1303636.568779636 1315284.4624346977
8.864901195146697 1297244.7412588906 1308831.35266458
8.856238425862218 1290886.2567836149 1302411.9164054338
8.847586939897203 1284560.9308273606 1296025.9756530896
8.838946718886872 1278268.5799439007 1289673.3289446267
8.830317744502315 1272009.0217605387 1283353.8067398216
8.821699998450383 1265782.074971506 1277067.219749211
8.813093462473628 1259587.5593313552 1270813.38819227
8.804498118350208 1253425.2956484302 1264592.1245036514
8.795913947893828 1247295.1057783742 1258403.2600835974
8.787340932953628 1241196.8126176652 1252246.6031870372
8.778779055414123 1235130.240097195 1246121.9860501601
8.770228297195118 1229095.2131759047 1240029.2246081494
8.761688640251636 1223091.5578344627 1233968.1503134738
8.753160066573816 1217119.1010689477 1227938.584535003
8.744642558186856 1211177.6708846297 1221940.3507837006
8.736136097150917 1205267.0962897306 1215973.282236161
8.727640665561061 1199387.2072892836 1210037.2009404332
8.71915624554716 1193537.8348789813 1204131.9399686556
8.710682819273808 1187718.8110390927 1198257.3286311429
8.702220368940262 1181929.9687284222 1192413.201358406
8.693768876780362 1176171.1418782924 1186599.3869383477
8.68532832506243 1170442.1653865632 1180815.7159874577
8.676898696089218 1164742.8751117087 1175062.0275339622
8.66847997219781 1159073.1078669163 1169338.1598223548
8.660072135759568 1153432.7014142377 1163643.9380355296
8.651675169180029 1147821.4944587636 1157979.2068443
8.643289054898839 1142239.3266428346 1152343.8043887236
8.634913775389675 1136686.0385403042 1146737.570950887
8.626549313160181 1131161.4716508402 1141160.3369905981
8.618195650751867 1125665.4683942315 1135611.954127485
8.609852770740044 1120197.8721047782 1130092.2597701203
8.60152065573375 1114758.5270256698 1124601.0944618583
8.593199288375683 1109347.2783034483 1119138.304702202
8.5848886513421 1103963.9719824598 1113703.7347439905
8.576588727342758 1098608.4549993728 1108297.2291013564
8.568299499120837 1093280.5751777287 1102918.6367816066
8.56002094945287 1087980.1812225173 1097567.8013061732
8.551753061148656 1082707.1227147854 1092244.5742946703
8.543495817051186 1077461.2501062895 1086948.7980146366
8.535249200036576 1072242.4147141876 1081680.3275339636
8.527013193013996 1067050.468715751 1076439.0142110782
8.518787778925581 1061885.2651431097 1071224.7089341637
8.510572940746366 1056746.6578780464 1066037.26577848
8.502368661484207 1051634.5016468107 1060876.5282131666
8.49417492417972 1046548.6520149786 1055742.3657262248
8.48599171190619 1041488.9653823315 1050634.617241378
8.477819007769508 1036455.2989777707 1045553.1521421069
8.46965679490809 1031447.5108542717 1040497.8182863161
8.461505056492825 1026465.459883877 1035468.4799895542
8.453363775726972 1021509.0057526894 1030464.9884012571
8.445232935846104 1016578.0089559424 1025487.2059038614
8.437112520118033 1011672.3307930571 1020534.9939393963
8.429002511842748 1006791.8333627748 1015608.2100835897
8.42090289435232 1001936.3795582769 1010706.718599788
8.412813651010849 997105.8330623672 1005830.3822361513
8.40473476521438 992300.0583426814 1000979.062225705
8.396666220390854 987518.9206469138 996152.6199529761
8.388608 982762.2859980776 991350.9243155649
8.380560087533295 978030.0211898071 986573.8393469185
8.372522466513882 973321.9937816786 981821.231259145
8.36449512049649 968638.0720945692 977092.9669696976
8.356478033067388 963978.1252060401 972388.9142267479
8.348471187844288 959342.0229457419 967708.9417450344
8.340474568476285 954729.6358908673 963052.9185057445
8.332488158643791 950140.8353616165 958420.7147230922
8.324511942058464 945575.4934167063 953812.2011024012
8.316545902463135 941033.4828488942 949227.2491379334
8.308590023631734 936514.6771805317 944665.73109718
8.300644289369224 932018.9506591541 940127.5196917463
8.29270868351155 927546.1782531057 935612.4891849536
8.284783189925536 923096.23564716 931120.5136833867
8.276867792508842 918668.9992382135 926651.4683228837
8.268962475189882 914264.3461309598 922205.2288192277
8.26106722192777 909882.1541336378 917781.6721212104
8.25318201671223 905522.3017537611 913380.6752664555
8.245306843563549 901184.6681939175 909002.1161912213
8.237441686532492 896869.1333475554 904645.873678159
8.229586529700255 892575.5777948367 900311.8270846417
8.22174135717837 888303.8827984756 895999.8564838029
8.213906153108661 884053.9302996342 891709.8426384547
8.20608090166316 879825.6029138363 887441.6668181794
8.19826558704406 875618.7839269012 883195.2113531868
8.190460193483625 871433.3572909009 878970.3589080453
8.182664705244136 867269.2076201561 874766.993072101
8.174879106617817 863126.2201872446 870584.9976436794
8.167103381926792 859004.2809190495 866424.2576907015
8.159337515522978 854903.276392815 862284.6585632166
8.151581491788052 850823.0938322349 858166.0863845368
8.143835295133373 846763.621103568 854068.4277168209
8.136098909999923 842724.746711786 849991.5701306182
8.128372320858224 838706.3597967178 845935.4015569475
8.120655512208295 834708.3501292565 841899.810632186
8.112948468579564 830730.6081075504 837884.6868913248
8.105251174530832 826773.0247532597 833889.9198223605
8.097563614650177 822835.4917077962 829915.4002037606
8.089885773554908 818917.9012286143 825961.0193991642
8.082217635891492 815020.14618552 822026.6689498428
8.074559186335502 811142.1200569976 818112.2411337505
8.066910409591536 807283.7169265561 814217.62943051
8.059271290393161 803444.8314791118 810342.7271159866
8.051641813502847 799625.3589973822 806487.4284430493
8.044021963711915 795825.1953583141 802651.6282183888
8.03641172584045 792044.2370295193 798835.2219017766
8.028811084737262 788282.3810657426 795038.1057575756
8.021220025279796 784539.5251053467 791260.1760031336
8.013638532374104 780815.567366834 787501.3297230952
8.006066590954747 777110.4066453675 783761.4654702181
7.998504185984751 773423.9423093256 780040.4808150455
7.99095130245554 769756.0742968804 776338.2750000008
7.983407925386881 766106.7031126006 772654.7475548579
7.975874039826803 762475.7298240562 768989.79842738
7.968349630851556 758863.0560584732 765343.3283594586
7.960834683565527 755268.5839993806 761715.2385057465
7.953329183101209 751692.2163833068 758105.4307053279
7.945833114619104 748133.8564964683 754513.8069435755
7.938346463307686 744593.4081715 750940.2707001048
7.930869214383321 741070.7757842003 747384.7246551714
7.923401353090236 737565.864250296 743847.0732654142
7.915942864700419 734078.5790222184 740327.2210553808
7.908493734513588 730608.8260859168 736825.0725757595
7.901053947857108 727156.5119576779 733340.5339550677
7.8936234900859565 723721.5436809772 729873.5112225707
7.886202346582635 720303.8288233383 726423.9107366767
7.878790502757131 716903.275473214 722991.6397178675
7.871387944046835 713519.7922368927 719576.6057784751
7.863994655916513 710153.2882354291 716178.7174764874
7.85661062385821 706803.6731015702 712797.8833751299
7.849235833391217 703470.8569767326 709434.0125653081
7.841870270061993 700154.7505079681 706087.0149582034
7.834513919444128 696855.2648449779 702756.8009299915
7.82716676713826 693572.3116371161 699443.2808881926
7.819828798772024 690305.8030304329 696146.3660501569
7.812499999999998 687055.6516647323 692865.9688035522
7.805180356503649 683821.7706706418 689602.0008359432
7.797869853991254 680604.0736667012 686354.3749791002
7.79056847819786 677402.4747564761 683123.004676069
7.783276214885211 674216.8885256824 679907.8035057487
7.775993049841712 671047.2300393389 676708.6856165102
7.768718968882345 667893.414838924 673525.5658672949
7.761453957848626 664755.3589395558 670358.3595036571
7.7541980026085415 661632.9788271927 667206.9818338547
7.746951089056503 658526.1914558536 664071.3492842221
7.739713203113263 655434.9142448466 660951.3782340639
7.73248433072589 652359.0650760174 657846.9858725171
7.725264457867678 649298.5622910189 654758.0897283172
7.718053570538126 646253.3246886025 651684.6076175547
7.710851654762849 643223.2715219061 648626.4582183893
7.7036586965935365 640208.3224957864 645583.5603030308
7.696474682107887 637208.39776414 642555.8332340644
7.689299597409572 634223.4179272695 639543.1967502609
7.682133428628151 631253.304029237 636545.5712957163
7.674976161919034 628297.977555256 633562.877356321
7.667827783463417 625357.3604290928 630595.0362277966
7.660688279468241 622431.3750104816 627641.9693521418
7.65355763616611 619519.944092552 624703.5988766972
7.6464358398152585 616622.9908992833 621779.8471055375
7.639322876699478 613740.4390829654 618870.6371107632
7.632218733128086 610872.2127216833 615975.8921055394
7.625123395435843 608018.2363168087 613095.5358516208
7.618036849982909 605178.434790509 610229.4924190175
7.610959083154793 602352.7334832763 607377.6865882963
7.6038900813623 599541.058151474 604540.0432706384
7.596829831041459 596743.3349648821 601716.4878787876
7.5897783186534875 593959.4905042821 598906.9462330198
7.582735530684721 591189.4517590315 596111.3446133746
7.575701453646578 588433.1461246784 593329.609822361
7.568676074075488 585690.5014005674 590561.6688087791
7.56165937853284 582961.4457874738 587807.4490595608
7.554651353604937 580245.9078852551 585066.8785005219
7.547651985902944 577543.8166905083 582339.8851776384
7.540661262062817 574855.1015942392 579626.398275863
7.533679168745262 572179.6923795599 576926.3463166134
7.526705692635682 569517.519219386 574239.659195404
7.519740820444126 566868.5126741613 571566.2665047024
7.5127845389052235 564232.6036895851 568906.098777428
7.505836834778143 561609.723594355 566259.0862852656
7.4988976948465345 558999.8040979309 563625.1603970757
7.491967105918477 556402.777288309 561004.2522518276
7.485045054826432 553818.5756298075 558396.2938296776
7.478131528427173 551247.1319608645 555801.2174451398
7.471226513601755 548688.3794918543 553218.9551253914
7.4643299972554535 546142.2518029195 550649.4403918495
7.457441966317706 543608.6828418026 548092.6059352134
7.450562407742067 541087.6069217102 545548.3858359461
7.443691308506156 538578.9587191726 543016.7140177632
7.436828655611602 536082.6732719266 540497.5247596666
7.429974436083996 533598.6859768144 537990.7530459764
7.423128636972842 531126.9325876802 535496.3337199576
7.416291245351489 528667.3492132991 533014.2024346918
7.4094622483171 526219.8723153005 530544.2947648916
7.402641632990599 523784.43870612216 528086.5473249747
7.395829386516602 521360.98554695805 525640.896342738
7.389025496063383 518949.4503457329 523207.2786990605
7.382229948822816 516549.77095508645 520785.6317189132
7.3754427320103355 514161.88557036634 518375.8928422153
7.368663832864866 511785.7327276309 515978.0003291535
7.361893238648785 509421.251301673 513591.8918808779
7.355130936647876 507068.3805040496 511217.5065830718
7.348376914171267 504727.05988112703 508149.39221525623
7.341631158551391 502397.22931213415 505802.7928317675
7.334893657143926 500078.8290072277 503467.70867816074
7.328164397327751 497771.79950557294 501144.0799268541
7.321443366504905 495476.0816734384 498831.84646812803
7.314730552100517 493191.61670228903 496530.9499320794
7.308025941562775 490918.34610691003 494241.33060606004
7.301329522362861 488656.21172352263 491962.9302769083
7.294641281994926 486405.1557079307 489695.69051724195
7.287961207976012 484165.12053365906 487439.5533490081
7.281289287846022 481936.04899012187 485194.4613584111
7.274625509167659 479717.884180785 482960.3569383481
7.267969859526398 477510.5695213564 480737.1831974931
7.261322326530411 475314.04873797105 478524.8835266457
7.254682897810539 473128.2658653984 476323.4015203767
7.248051561020223 470953.1652452592 474132.68095611385
7.241428303835489 468788.6915242489 471952.6660083605
7.234813113954863 466634.78965237254 469783.301520377
7.228205979099344 464491.4048811943 467624.53203761816
7.221606887012348 462358.48276209354 465476.3027638461
7.215015825459679 460235.9691445373 463338.5593521432
7.208432782229445 458123.8101743552 461211.24720480695
7.201857745132046 456021.9522920289 459094.3126959255
7.195290702000103 453930.34223099175 456987.7018861022
7.1887316406884345 451848.92701594485 454891.36157784687
7.182180549073978 449777.6539611672 452805.23845872434
7.175637415055769 447716.47066885623 450729.2800835955
7.169102226554881 445665.32502746006 448663.4336677121
7.162574971514389 443624.1652100363 446607.64693312475
7.156055637899309 441592.9396726051 444561.8681974917
7.149544213696561 439571.5971525239 442526.04584117146
7.143040686914917 437560.0866668687 440500.128061651
7.13654504558497 435558.3575108242 438484.06451933173
7.130057277759062 433566.35925607977 436477.80367816146
7.1235773715112565 431584.0417492439 434481.2952194367
7.117105314937286 429611.3551102603 432494.4888401246
7.110641096154513 427648.2497308413 430517.33503134747
7.104184703301872 425694.67627290287 428549.78355799493
7.097736124539831 423750.5856670111 426591.78508882056
7.091295348050348 421815.9291108417 424643.29039185063
7.0848623620368265 419890.6580676496 422704.25085684395
7.078437154724058 417974.72426473687 420774.6173981188
7.07201971435819 416068.079691947 418854.3424451401
7.065610029206673 414170.6766001501 416943.37680250785
7.0592080875582255 412282.46749975526 415041.67361546576
7.052813877722776 410403.40515921364 413149.18462904944
7.046427388031423 408533.4426035483 411265.862784743
7.040048606836396 406672.5331128766 409391.66083072167
7.033677522511009 404820.6302209571 407526.5323040763
7.027314123449603 402977.6877137301 405670.43008882005
7.020958398067521 401143.6596278777 403823.3083594568
7.01461033480105 399318.5002493903 401985.121280042
7.008269922107388 397502.16411214 400155.82231452427
7.0019371484645845 395694.605996459 398335.3661180767
6.995612002371513 393895.7809277359 396523.70760710543
6.989294472347813 392105.64417501155 394720.80200627
6.982984546933863 390324.15124959056 392926.60376175516
6.9766822146907135 388551.2579036552 391141.06842737744
6.970387464200068 386786.9201288887 389364.1524294673
6.964100284064222 385031.09415511 387595.8106739813
6.957820662906029 383283.73644891684 385835.99983803544
6.951548589368851 381544.8037123293 384084.6762539192
6.945284052116523 379814.252881454 382341.7964472315
6.939027039833299 378092.0411251427 380607.3172100313
6.9327775412238255 376378.1258436724 378881.1958986419
6.9265355450130786 374672.4646674204 377163.3893573668
6.920301039946337 372975.0154555569 375453.8557732496
6.914074014789128 371285.7362947429 373752.55231452454
6.907854458327205 369604.5854978344 372059.4370898644
6.901642359366476 367931.52160259243 370374.46855276846
6.895437706732981 366266.50337040634 368697.60515673977
6.889240489272844 364609.4897850203 367028.805339603
6.883050695852237 362960.4400512713 365368.02811389754
6.87686831535733 361319.3135938308 363715.2327272725
6.870693336694249 359686.0700559534 362070.3781974922
6.8645257487890365 358060.669298237 360433.4245402303
6.85836554058762 356443.0713973913 358804.3311494254
6.852212701055753 354833.236645004 357183.05794148374
6.8460672191789795 353231.1255463287 355569.56567398104
6.839929083962596 351636.6988190648 353963.8142737718
6.8337982844316185 350049.9173921608 352365.7645559038
6.827674809630717 348470.742404607 350775.37719958235
6.8215586486241975 346899.13520425383 349192.6136259144
6.815449790495946 345335.0573466202 347617.4348119126
6.809348224349404 343778.4705937239 346049.80215256
6.803253939307508 342229.3369129054 344489.6773876698
6.797166924512663 340687.6184756686 342937.0227377222
6.791087169126693 339153.2776565264 341391.7999268547
6.785014662330812 337626.27703184966 339853.97138975933
6.77894939332557 336106.57937872456 338323.49959770136
6.772891351330823 334594.1476738186 336800.3472048063
6.766840525585679 333088.9450922511 335284.4771943576
6.760796905348487 331590.93500647455 333775.8527324977
6.75476047989676 330100.0809851563 332274.43686520355
6.748731238527158 328616.34679206944 330780.19330720964
6.742709170555441 327139.69638499286 329293.08566875604
6.736694265316439 325670.09391461744 327813.07757575694
6.730686512163997 324207.50372345233 326340.1336990597
6.724685900470941 322751.89034474816 324874.2176750259
6.718692419629043 321303.2185014155 323415.29455067957
6.712706059048985 319861.45310496143 321963.32826018747
6.706726808160305 318426.5592544206 320518.28439394
6.700754656411368 316998.50223530055 319080.1274921633
6.694789593269325 315577.247518533 317648.82285788865
6.688831608220083 314162.76075942785 316224.33618599764
6.682880690768244 312755.0077966328 314806.63237722067
6.676936830437088 311353.95465110446 313395.6779310347
6.671000016768522 309959.5675250802 311991.4383333334
6.665070239323049 308571.8128010607 310593.87992162985
6.659147487679723 307190.6570407946 309202.96891849523
6.653231751436114 305816.06698426924 307818.6720010457
6.647323020208266 304448.00954870996 306440.9557680245
6.641421283630664 303086.4518275865 305069.78678683436
6.635526531356196 301731.3610896181 303705.1321786832
6.629638753056108 300382.70477779437 302346.9593521418
6.623757938419972 299040.45050839224 300995.2357889231
6.617884077155642 297704.5660700054 299649.92842215317
6.6120171589892305 296375.01942257915 298311.0057314524
6.606157173665052 295051.77869644685 296978.43508359516
6.600304110945596 293734.81219137425 295652.18461337575
6.594457960611487 292424.0883756096 294332.22277429426
6.588618712461451 291119.57588494284 293018.51776907
6.582786356312274 289821.24352176103 291711.03822361596
6.576960881998762 288529.06025412097 290409.7529310344
6.571142279373705 287242.9952148159 289114.6305747128
6.565330538307853 285963.01770045934 287825.64048589347
6.559525648689859 284689.0971705629 286542.75196447235
6.553727600426251 283421.20324662665 285265.93405956135
6.547936383441399 282159.30571123544 283995.15653082565
6.542151987677474 280903.37450715597 282730.3890700104
6.53637440309441 279653.3797364404 281471.60157784686
6.5306036196698685 278409.29165953805 280218.7640386623
6.524839627399204 277171.08069440944 278971.8466927895
6.519082416295429 275938.7174156483 277730.8198223613
6.513331976389172 274712.17255360563 276495.65398641606
6.507588297728644 273491.41699351935 275266.31992162997
6.5018513703795975 272276.4217746508 274042.78838035575
6.49612118442531 271067.1580894284 272825.03029258136
6.49039772996652 269863.5972825874 271613.01697492163
6.484680997121408 268665.7108503272 270406.71942528733
6.478970976025555 267473.4704394616 269206.1093103449
6.473267656831919 266286.84784658457 268011.1581243472
6.46757102971078 265105.81501723133 266821.83752351097
6.461881084849713 263930.3440450513 265638.11958725215
6.4561978124535555 262760.40717098414 264459.9761703239
6.450521202744374 261595.97678243933 263287.37957680254
6.444851245961421 260437.02541247968 262120.3020271682
6.4391879323611 259283.5257390123 260958.71613897578
6.433531252216936 258135.45058398508 259802.59427899666
6.427881195819541 256992.77291258206 258651.90959247673
6.4222377534765736 255855.46583243163 257506.634613375
6.416600915512705 254723.50259281116 256366.74250783675
6.410970672269584 253596.85658386198 255232.20665099227
6.405347014105813 252475.5013358089 254103.00019331227
6.399729931396896 251359.41051818055 252979.0965203761
6.394119414535211 250248.55793903556 251860.46955590372
6.388515453929982 249142.91754419534 250747.09251828617
6.38291804000724 248042.46341648189 249638.9400313477
6.377327163209782 246947.16977495313 248535.9854858934
6.3717428139971455 245857.01097415367 247438.20321839026
6.366164982845571 244771.96150335853 246345.56792580956
6.3605936602479725 243691.9959858317 245258.05330198572
6.3550288367138945 242617.08917808 244175.6346342733
6.349470502769484 241547.21596911692 243098.28620689697
6.343918648957452 240482.35137973053 242025.98285266463
6.3383732658370535 239422.4705617532 240958.69989028145
6.332834343984034 238367.54879733548 239896.41180773254
6.327301873990608 237317.56149822674 238839.094493208
6.321775846465421 236272.48420505834 237786.7228160918
6.316256252033527 235232.2925866322 236739.27258098216
6.310743081336333 234196.9624392118 235696.7194357363
6.305236325031586 233166.46968581717 234659.03882445188
6.299735973793329 232140.7903755253 233626.2066091948
6.294242018311878 231119.90068277702 232598.1990700098
6.288754449293774 230103.7769066802 231574.99196447228
6.283273257461761 229092.39547032677 230556.56192789998
6.277798433554749 228085.7329201043 229542.88530825448
6.272329968327788 227083.76592502068 228533.93836990587
6.266867852552024 226086.47127602418 227529.69772204748
6.261412077014673 225093.825885333 226530.1403239286
6.255962632518982 224105.80678576796 225535.2427533961
6.2505195098842155 223122.391130088 224544.98226227795
6.245082699945597 222143.55619032777 223559.33596133723
6.239652193554291 221169.27935714246 222578.2807941487
6.234227981577368 220199.5381391564 221601.79429989573
6.22881005489778 219234.31016231095 220629.85384534998
6.223398404414311 218273.57316922268 219662.43717345863
6.217993021041561 217317.30501853838 218699.52184952964
6.212593895709904 216365.48368429902 217741.08570532888
6.207201019365464 215418.0872553068 216787.1066091955
6.201814382970077 214475.0939344929 215837.56270637424
6.1964339775012585 213536.48203829039 214892.4321107627
6.191059793952177 212602.22999601165 213951.69297805644
6.185691823331623 211672.31634923053 213015.32379310337
6.18033005666397 210746.7197511626 212083.30312957207
6.174974484989147 209825.4189660566 211155.60951410682
6.169625099362606 208908.3928685816 210232.22172413775
6.1642818908553005 207995.620443226 209313.11838035527
6.158944850553635 207087.0807836913 208398.27860501566
6.153613969559449 206182.75309229572 207487.68148380338
6.148289238989979 205282.61667937992 206581.3059770118
6.142970649977835 204386.65096271448 205679.13157262292
6.13765819367096 203494.83546691094 204781.13738766953
6.132351861232602 202607.14982283805 203887.30314002137
6.127051643841284 201723.57376703978 202997.60836468154
6.12175753269078 200844.0871411584 202112.0326489031
6.116469518990073 199968.669891359 201230.55585684464
6.111187593963325 199097.30206775683 200353.15791536085
6.105911748849856 198229.96382385024 199479.81880877758
6.100641974904109 197366.63541595748 198610.5186102403
6.095378263395616 196507.29720265113 197745.23753918466
6.09012060560897 195651.92964420395 196883.95586729315
6.084868992843791 194800.51330202958 196026.6541483805
6.079623416414712 193953.02883813472 195173.3128892372
6.074383867651325 193109.45701456643 194323.91249738797
6.069150337898164 192269.77869286813 193478.43396029258
6.063922818514675 191433.97483353812 192636.85804075262
6.05870130087519 190602.02649548877 191799.16547544414
6.0534857763688805 189773.91483550958 190965.33741379282
6.048276236399748 188949.62110773465 190135.35489028215
6.043072672386577 188129.12666311327 189309.19921107581
6.037875075762923 187312.4129488821 188486.8515987461
6.032683437977064 186499.4615080397 187668.29369905996
6.027497750491987 185690.25397882715 186853.5067711598
6.022318004785342 184884.77209420834 186042.47238244503
6.017144192349436 184082.99768135697 185235.1723510974
6.01197630469118 183284.91266114236 184431.58845350018
6.00681433333207 182490.4990476199 183631.70253918465
6.00165826980816 181699.7389475254 182835.49656217353
5.996508105670032 180912.61455977257 182042.9525862066
5.991363832482762 180129.10817494968 181254.05281609244
5.986225441825893 179349.20217482478 180468.77936781608
5.981092925293408 178572.87903184767 179687.11498955078
5.9759662744937065 177800.12130866118 178909.04156217384
5.970845481049563 177030.91165760855 178134.54196447268
5.879663342140812 163772.60620285678 164785.26188610258
5.790328409824807 151563.10370707515 152492.34960815025
5.7027941431391005 140314.91189266028 141167.6640386625
5.6170154011976345 129948.21766690678 130730.8005120168
5.532948394298392 120390.17973278528 121108.37928422156
5.450550636972604 111574.28942557934 112233.40032915368
5.369780902889282 103439.79290165233 104044.66233542319
5.290599181532931 95931.16852748553 96486.23547701156
5.212966636576452 88997.65396014073 89506.98442842207
5.136845565874907 82592.81798338555 83060.1378463949
5.062199363009565 76674.17267478476 77102.89713009413
4.9889924803148915 71202.82193506788 71596.0822972832
4.917190393324527 66143.14281819962 66503.81102194359
4.846759566575231 61462.49646424181 61793.20725391854
4.777667420710737 57130.965762126565 57434.13697126438
4.709882300830208 53121.117160117625 53398.96818181814
4.6433734460285265 49407.78430179758 49662.35292424246
4.578110960078214 45967.87139822931 46201.02911755477
4.514065783205019 42780.17445546205 42993.640512539154
4.451209664911546 39825.21866342337 40020.572796760775
4.38951513780529 37085.1104197871 37263.80450888183
4.328955492389554 34543.402612714075 34706.77137408565
4.269504752777533 32184.971921266915 32334.242590909067
4.211137653291767 29995.9070134431 30132.208294670832
4.153829615912737 27963.406630609556 28087.77673301986
4.097556728542177 26075.686644955953 26189.080840647883
4.042295724048074 24321.895264567087 24425.19258254963
3.988023960059917 22692.035639879476 22692.042550156715
3.934719399484069 21176.89519654925 21176.90201149424
3.8823605917105772 19767.98108394142 19767.987803552758
3.8309266544838647 18457.461186276636 18457.467826541288
3.780397256411094 17238.11019560772 17238.116735109765
3.7307526000830564 16103.260292812145 16103.266751828645
3.681973405783573 15046.756025211103 15046.762399164072
3.6340408957643935 14062.913007721425 14062.919298328101
3.586936779063651 13146.4801090334 13146.486329676043
3.5406432368467873 12292.60481555593 12292.610944096105
3.495142908249835 11496.80149411735 11496.807552769063
3.450418876705738 10754.922299954667 10754.928264890266
3.4064546567352907 10063.130499634504 10063.136405956122
3.36323418118497 9417.875999465827 9417.881822988496
3.320741788894759 8815.87288890498 8815.878638296766
3.278962212779688 8254.078825611286 8254.084503343794
3.2378805683095924 7729.676104360984 7729.681709926865
3.197482342372146 7240.054266124606 7240.059801880891
3.1577533825049 6782.794116399277 6782.799583490081
3.118679886482629 6355.653033490438 6355.658433908036
3.0802483922468333 5956.551457968791 5956.556789811906
3.042445768164828 5583.560464093349 5583.565730721007
3.00525920360631 5234.890322680022 5234.8955260187995
2.9686761998258246 4908.8799727922 4908.885112486938
2.932684561139984 4603.987326809679 4603.992404806695
2.897272386388795 4318.780339962909 4318.785355851623
2.8624280606708106 4051.9287813613632 4051.9337374085667
2.8281402473422963 3802.1966489537217 3802.201546081501
2.7943978802709255 3568.4351757827335 3568.440014472313
2.761190156334969 3349.576379384348 3349.581159822366
2.7285065281592358 3144.6271102691117 3144.631834326017
2.6963366970793947 2952.66355915088 2952.6682278996864
2.664670606326644 2772.8261859873296 2772.8308000522447
2.6334984344249714 2604.3150369969608 2604.3195975444087
2.602810588793601 2446.3854186479757 2446.389925339601
2.5725976995474578 2298.3439001971865 2298.348355120165
2.5428506134888065 2159.5446187172074 2159.5490204806656
2.513560388283419 2029.3858627051509 2029.3902143678094
2.484718286814968 1907.3069123367247 1907.3112151515172
2.4563157717114907 1792.7851162300208 1792.789368965516
2.4283445000380794 1685.3331862308455 1685.3373909613356
2.4007963181501104 1584.4966932380446 1584.5008492685483
2.3736632567015934 1489.851748466539 1489.855857993731
2.3469375258033915 1401.002855808033 1401.0069189655178
2.3206115103262634 1317.5809221056525 1317.584940177639
2.294677765343889 1239.2414132178737 1239.2453868861048
2.2691290117111746 1165.6626447175572 1165.6665736677103
2.243958131773374 1096.5441969617614 1096.5480814002085
2.2191581652016485 1031.6054450836862 1031.6092883490087
2.194722304950927 970.5841952065704 970.587995308255
2.1706438933360004 913.2354188658645 913.239177210032
2.1469164182220157 859.3300782564194 859.3337955694878
2.1235335093255965 808.6540354999262 808.6577122936268
2.1004889346230122 761.007039659426 761.0106766927904
2.0777765968619057 716.2017857158341 716.2053833124355
2.0553905301732485 674.0630401702481 674.0665988871485
2.033324896780283 634.4268283481922 634.4303489864162
2.0115739838013442 597.1396788613056 597.1431618129562
1.9901322001435675 562.0579210308293 562.0613668181819
1.9689940734845588 529.0470313982698 529.0504406060602
1.948154247339274 497.9810257440854 497.9843988401264
1.9276074782093773 468.7418933072157 468.7452308359459
1.9073486328124998 441.2190701487751 441.2223725705328
1.8873726853888717 415.30894883396957 415.31221673981173
1.867674715082919 390.9144218189327 390.91765553813997
1.8482499033974784 367.9444561251293 367.9476562016715
1.8290935317183783 346.31369706464835 346.31686397596684
1.8102009789071918 325.9420989463412 325.94523323928945
1.7915677189600758 306.75458084646704 306.75768294148384
1.7731893187306484 288.68070566933363 288.68377578892364
1.7550614357149497 271.6543808543248 271.6574196603974
1.737179815896572 255.61357920656445 255.6165869383495
1.7195402916501543 240.50007844008826 240.50305564785842
1.7021387797014398 226.25921812547938 226.2621652664576
1.6849712791422058 212.83967282918627 212.84259025078353
1.6680338694984032 200.19324031979102 200.19612835945668
1.6513227088499012 188.27464379787435 188.27750305120153
1.6348340320003054 177.041347181409 177.04417769592456
1.6185641486953384 166.45338254819816 166.4561849373039
1.602509441888354 156.4731889013115 156.4759635632188
1.5866663660515683 147.0654614830474 147.06820864681296
1.571031445531674 138.19701091814954 138.1997310397072
1.5556012729485214 129.83663151806047 129.83932484326039
1.540372507635602 121.95497812532597 121.95764502089862
1.5253418741211093 114.52445092107057 114.52709201149447
1.5105061606483972 107.51908765909026 107.52170293103464
1.495862217734689 100.91446282772141 100.91705283699072
1.4814069567669257 94.68759327554808 94.69015824033448
1.4671373486336838 88.81684986935623 88.8193901196445
1.4530504223921155 83.28187478273928 83.28439064263337
1.4391432639689212 78.06350404160652 78.06599583281077
1.4254130148943633 73.14369497866083 73.14616298066886
1.411856871068392 68.50545827289403 1.4143014093521393
1.398472081557958 64.13279427239203 1.400893445350052
1.3852559474246386 60.01063331941281 1.387654427481715
1.372205820581715 56.12477981589285 1.3745817057993714
1.3593191026798714 52.46185978535965 1.3616726757053284
1.3465932440207118 49.00927170379984 1.3489247829153577
1.3340257424973174 45.75514038743096 1.3363355223615463
1.3216141425610888 42.688273739635406 1.323902431243467
1.3093560342141422 39.798122172622286 1.311623098537094
1.2972490520265494 37.07474053176622 1.299495154702197
1.2852908741777354 34.50875236207766 1.2875162695402318
1.2734792215213675 32.0913163669838 1.2756841689132716
1.2618118566730914 29.814094919554805 1.2639966010449337
1.2502865831204883 27.66922449560256 1.2524513725705322
1.2389012443546399 25.649287906709066 1.2410463211598743
1.2276537230227231 23.747288219297538 1.2297793262277965
1.2165419401010555 21.956624253342106 1.2186483047021939
1.2055638540880422 20.27106756130307 1.207651208411702
1.194717460216482 18.68474079437224 1.1967860363636373
1.184000789684719 17.192097369183635 1.1860508099791025
1.173411908906127 15.787902353788436 1.1754435930512024
1.1629489187764424 14.46721449696884 1.1649624892894452
1.152609953958465 13.225369329876994 1.1546056226750276
1.142393182183666 12.057963273569106 1.1443711621212136
1.132296803570255 10.960838690281733 1.1342573017763855
1.1223190499572748 9.930069820287288 1.1242622719958215
1.1124581842542953 8.961949549889807 1.1143843318704292
1.1027124998062978 8.052976959598938 1.1046217739811925
1.093080319773357 7.199845604765441 1.0949729159352126
1.0835599965247262 6.399432483993151 1.0854361096656224
1.0741499110469603 5.648787653472994 1.0760097303552763
1.0648484723656977 4.945124448029863 1.0666921870585169
1.055654116980763 4.2858102721442535 1.0574819143312446
1.0465653083142352 3.6683579265200676 1.0483773677011472
1.037580536171153 3.0904174379289326 1.0393770401097164
1.0286983162125318 2.5497683620795044 1.0304794399529777
1.0199171894403722 2.044312531147214 1.0216831099373034
1.0112357216943635 1.5720672193653977 1.0129866097335414
1.0026525031599745 1.131158701729039 1.004388530329155
0.9941661478876511 1.2685161133677316 0.9958874823824466
0.9857752933228294 1.6351845157377547 0.9874820985266487
0.977478599846503 1.975730614310805 0.9791710402560105
0.9692747503260677 2.2916468369115996 0.970952985914315
0.9611624496761965 2.584343734937912 0.9628266397178677
0.9531404244294803 2.8551545091314554 0.9547907247857883
0.945207422316605 3.1053392787653538 0.9468439872204791
0.9373622118558168 3.336089109278289 0.9389851932392899
0.9296035819514502 3.5485298124728764 0.9312131299477525
0.9219303415012919 3.7437255325411507 0.9235266036938344
0.9143413190125647 3.9226821303785244 0.9159244412957169
0.9068353622263173 4.086350377896753 0.9084054884639507
0.8994113377500129 4.235628973342234 0.9009686098484851
0.8920681306981213 4.371367387965821 0.8936126884012542
0.8848046443405072 4.494368553771115 0.8863366258202713
0.8776197997584402 4.605391401487537 0.8791393411494238
0.8705125355080278 4.705153257369649 0.8720197711024046
0.8634818072909006 4.7943321069130205 0.8649768696917447
0.8565265876319691 4.873568733097282 0.8580096075653075
0.8496458655640828 4.943468736316751 0.8511169719331234
0.8428386463194302 5.004604442736493 0.8442979664890278
0.8361039510275103 5.0575167074147585 0.8375516104440964
0.8294408164195245 5.102716618160321 0.8308769390438868
0.8228482945390343 5.140687105743266 0.8242730026593517
0.8163254524587336 5.171884465749086 0.8177388666875665
0.8098713720031944 5.196739797057334 0.811273611525601
0.8034851494774427 5.2156603616358 0.8048763317136886
0.7971658954012227 5.2290308700688275 0.7985461361389751
0.790912734248826 5.237214696981924 0.7922821480564249
0.7847248041943437 5.240555030284193 0.78608350409091
0.7786012568622225 5.239375957923632 0.7799493541222571
0.7725412570829963 5.233983495637468 0.7738788617084643
0.7665439826540752 5.224666558979534 0.7678712035057452
0.7606086241054739 5.211697882718351 0.761925568202718
0.7547343844703653 5.195334890522577 0.7560411578944624
0.7489204790603452 5.17582051768375 0.7502171859717881
0.7431661352453041 5.153383989469514 0.7444528789498438
0.7374705922377967 5.128241557553025 0.738747474446185
0.7318331008818068 5.100597196825268 0.7331002221316606
0.7262529234458086 5.070643264766406 0.7275103828944595
0.7207293334200224 5.03856112542918 0.7219772292163017
0.7152616153177747 5.004521739971474 0.7165000439968652
0.7098490644808639 4.968686225566118 0.7110781217136891
0.7044909868888479 4.931206384413241 0.7057107669905965
0.6991866989721549 4.89222520448353 0.7003972951515143
0.6939355274289427 4.851877333529851 0.6951370314263333
0.6887368090456131 4.810289527818464 0.6899293119331245
0.6835898905209052 4.767581076950328 0.6847734817763846
0.6784941282934839 4.7238642060665645 0.6796688965882971
0.6734488883729478 4.679244456660301 0.6746149212121214
0.6684535461741804 4.633821047149263 0.6696109299216302
0.6635074863549685 4.587687214299645 0.6646563062382442
0.658610102656818 4.540930536531446 0.6597504430773248
0.6537607977488938 4.49363324007865 0.6548927418495302
0.6489589830750176 4.445872488924105 0.6500826131818179
0.6442040787036543 4.397720659378244 0.6453194760553809
0.6394955131808231 4.349245600123279 0.6406027578265411
0.6348327233858676 4.3005108784993125 0.635931894811912
0.6302151543900238 4.251576013766536 0.6313063308672938
0.6256422593177251 4.202496698037478 0.6267255179676057
0.6211134992105847 4.153325005535506 0.6221889168025079
0.6166283428939953 4.104109590800079 0.6176959946708476
0.6121862668462941 4.054895876425581 0.6132462275600827
0.6077867550704332 4.005726230888681 0.6088390981138987
0.6034292989681052 3.956640136989203 0.6044740974399158
0.5991133972162667 3.9076743514010404 0.600150722951933
0.5948385556460142 3.8588630558029635 0.5958684796865205
0.5906042871237579 3.8102380000337446 0.591626879916406
0.5864101114346454 3.7618286376921857 0.5874254422622767
0.5822555551681889 3.713662254580072 0.5832636926123306
0.5781401516060471 3.6657640903646485 0.5791411635579945
0.5740634406119173 3.6181574538171266 0.5750573941536048
0.5700249685234933 3.5708638319646773 0.571011929587252
0.5660242880464467 3.5239029934752724 0.5670043221212114
0.5620609581503848 3.477293086577797 0.5630341300470219
0.5581345439667496 3.4310507318037367 0.5591009174973877
0.5542446166886124 3.385191109821492 0.555204255083594
0.5503907534723279 3.3397280446200504 0.5513437190073139
0.5465725373410063 3.294674082285041 0.5475188919801464
0.5427895570897681 3.2500405655974896 0.5437293617763841
0.5390414071927425 3.20583770467322 0.539974722324975
0.5353276877117753 3.1620746438495226 0.5362545726436787
0.5316480042068105 3.1187595250147093 0.5325685181347967
0.5280019676479086 3.075899547565894 0.5289161685318711
0.5243891943288733 3.033501025170637 0.5252971400783693
0.5208093057824482 2.991569439498798 0.5217110529676067
0.5172619286970556 2.9501094910822765 0.5181575339184944
0.5137466948350418 2.9091251474520003 0.5146362138192272
0.5102632409524037 2.868619688693774 0.5111467283855798
0.5068112087199611 2.828595750557115 0.5076887192842208
0.5033902446459491 2.789055365244284 0.5042618320323926
0.5 2.749999999999999 0.5008657174294672
0.496640130738488 2.711430593616115 0.49750003059561126
0.4933102974312089 2.6733475909595725 0.49416443209508926
0.4900101651893659 2.635750975626239 0.4908585857419016
0.48673940359484075 2.5986403008180745 0.4875821611337518
0.4834976866307162 2.5620147185357833 0.48433483144200595
0.4802846926130352 2.525873007174585 0.4811162742580982
0.47710010412376264 2.4902135976059605 0.47792617176071056
0.47394360794492973 2.4550345978240915 0.4747642104127474
0.4708148949939418 2.420333816231644 0.4716300801828637
0.4677136602600176 2.386108783635549 0.4685234759404395
0.46463960274174476 2.352356774019941 0.4654440958307217
0.46159242538572864 2.319074824159898 0.46239164258098225
0.45857183502630844 2.286259752136282 0.4593658221525588
0.4555775423263264 2.253908174808983 0.45636634502612317
0.4526092617189242 2.22201652430282 0.45339292509404383
0.4496667113503475 2.190581063557611 0.45044527999477474
0.44674961302374366 2.1595979009913218 0.4475231307419021
0.4438576921439246 2.129063004322517 0.4446262027899689
0.4409906776630857 2.0989722135962285 0.44175422419017774
0.43814830202745464 2.0693212534548135 0.4389069273719946
0.43533030112485605 2.040105744693443 0.43608404708986404
0.4325364142331746 2.0113212151377606 0.4332853228422156
0.42976638396969735 1.9829631098792724 0.43051049641588324
0.42701995624131783 1.9550268009022953 0.4277593134535008
0.4242968801955911 1.9275075961345205 0.4250315225862065
0.4215969081726139 1.9004007479515703 0.4223268756635318
0.41891979565772525 1.8737014611644605 0.4196451279885058
0.41626530123500166 1.8474049005172795 0.4169860373458718
0.41363318654153824 1.8215061977211082 0.41434936537095135
0.41102321622250076 1.7960004580488267 0.4117348760762797
0.40843515788692875 1.7708827665141487 0.4091423366196447
0.4058687820642831 1.74614819365714 0.4065715173406479
0.40332386216171767 1.7217918009571995 0.40402219098223624
0.40080017442206356 1.6978086458935275 0.4014941338192266
0.3982974978825158 1.6741937866720333 0.39898712404911174
0.3958156143340037 1.6509422866366197 0.39650094314524614
0.39335430828123524 1.628049218381941 0.3940353755276903
0.39091336690340517 1.605509667583835 0.39159020789446225
0.3884925800155481 1.5833187365627168 0.38916522962382444
0.3860917400305321 1.5614715475945964 0.3867602326175545
0.38371064192167514 1.5399632459834562 0.3843750118965521
0.38134908318597494 1.5187890029081492 0.382009364090909
0.37900686380794346 1.4979440180562624 0.3796630895715781
0.3766837862240289 1.4774235220566896 0.3773359895193304
0.37437965528762174 1.4572227787221823 0.37502786927899656
0.3720942782346276 1.4373370871124345 0.37273853515674016
0.3698274646496004 1.4177617834277907 0.37046779685475456
0.36757902643242535 1.39849224274315 0.36821546553814033
0.3653487777655401 1.3795238805910899 0.3659813552455589
0.3631365350816844 1.3608521544028072 0.3637652822675033
0.36094211703217194 1.3424725648150584 0.36156706477011497
0.3587653444556694 1.324380656850756 0.35938652325496334
0.3566060403474794 1.3065720209806142 0.35722348035527646
0.35446402982931363 1.2890422940727437 0.35507776126436724
0.3523391401195491 1.2717871602367747 0.3529491923719961
0.35023120050396095 1.2548023515687972 0.3508376030303033
0.34814004230691814 1.2380836488029585 0.3487428241849528
0.3460654988630402 1.221626881875397 0.34666468863636307
0.3440074054893009 1.2054279304057691 0.34460303178160884
0.34196559945757415 1.189482724101426 0.3425576906739804
0.33993991996761463 1.1737872430890155 0.34052850376698013
0.3379302081204631 1.1583375181780093 0.3385153121943573
0.33593630689227033 1.1431296310604397 0.3365179587304068
0.3339580611085331 1.1281597144509157 0.3345362876280041
0.33199531741873234 1.1134239521707208 0.33257014560083603
0.33004792427136975 1.0989185791796692 0.3306193806426334
0.3281157318893931 1.0846398815591276 0.32868384286311403
0.32619859224600356 1.070584196449463 0.32676338385057446
0.324296359040842 1.0567479119450198 0.3248578571055391
0.32240888767654197 1.0431274669495199 0.322967117664577
0.320536035235647 1.0297193509946378 0.32109102245558974
0.318677660457886 1.016520104024399 0.3192294299425285
0.31683362371779666 1.0035263161478092 0.31738220052246596
0.3150037870026964 0.9907346273621078 0.3155491956269584
0.3131880138909895 0.978141727248801 0.31373027846917456
0.31138616953080833 0.9657443546445833 0.3119253143521422
0.309598120618982 0.9535392972891147 0.31013416964994694
0.3078237353803245 0.9415233914514965 0.3083567121264366
0.30606288354724137 0.9296935215372213 0.3065928115047022
0.30431543633964525 0.9180466196772371 0.3048423386729362
0.30258126644517613 0.9065796653006906 0.30310516618599803
0.3008602479997236 0.8952896846928399 0.3013811679623825
0.29915225656824235 0.8841737505395079 0.2996702192110761
0.29745716912585735 0.8732289814593882 0.2979721968756533
0.2957748640392562 0.8624525415254602 0.2962869790229878
0.29410522104835807 0.8518416397766456 0.2946144450522466
0.2924481212482619 0.8413935297208263 0.2929544761233024
0.29080344707146255 0.8311055088302425 0.2913069543939391
0.28917108227033345 0.8209749180302339 0.2896717630355278
0.2875509118998731 0.8109991411822612 0.28804878741901735
0.2859428223007059 0.801175604562028 0.28643791361024085
0.2843467010823383 0.7915017763335391 0.28483902881922585
0.28276243710666293 0.7819751660198297 0.2832520217868334
0.28118992047170643 0.7725933239710792 0.2816767825182865
0.2796290424956198 0.7633538408307794 0.28011320207941476
0.2780796957009039 0.754254347000568 0.2785611725444093
0.27654177379886735 0.7452925121043096 0.2770205877011489
0.2750151716743147 0.7364660444519817 0.2754913424033441
0.27349978537045794 0.7277726905038512 0.27397333246081507
0.2719955120740507 0.7192102343354376 0.2724664545820268
0.2705022501007392 0.7107764971036867 0.27097060704284265
0.26901989888062683 0.7024693365147754 0.26948568935214195
0.2675483589440516 0.6942866462939351 0.2680116014472308
0.2660875319075671 0.6862263556576313 0.26654824522466025
0.2646373204601308 0.678286428788456 0.2650955226854753
0.2631976283494903 0.6704648643130109 0.2636533378526645
0.2617683603687673 0.6627596947830813 0.26222159525600836
0.2603494223432364 0.6551689861603628 0.2608002003814002
0.2589407211172936 0.647690837304968 0.25938905995297834
0.2575421645416125 0.6403233794679412 0.25798808200104467
0.2561536614604862 0.6330647757879938 0.25659717477011496
0.25477512169934957 0.6259132207926255 0.25521624830198514
0.25340645605248135 0.6188669399038196 0.2538452127586203
0.2520475762708816 0.6119241889484532 0.2524839801880876
0.2506983950503213 0.6050832536735631 0.25113246295715735
0.2493588260195648 0.5983424492666076 0.24979057461859958
0.24802878372875642 0.5917001198808087 0.2484582293521417
0.24670818363797484 0.5851546381657062 0.24713534284743977
0.24539694210594837 0.5787044048029876 0.24582183085161957
0.2440949763789291 0.5723478480476848 0.2445176108986416
0.24280220457972657 0.5660834232748071 0.2432226007105541
0.24151854569689343 0.5599096125314592 0.24193671930511998
0.24024391957406485 0.5538249240944999 0.24065988614942577
0.23897824689944766 0.5478278920337888 0.23939202222570552
0.23772144919545565 0.5419170757810357 0.23813304834378285
0.23647344880849197 0.536091059704303 0.2368828871473352
0.23523416889887255 0.5303484526881584 0.23564146138975944
0.23400353343089048 0.5246878877195007 0.2344086953448274
0.2327814671630199 0.519108021479069 0.23318451304075244
0.23156789563825442 0.513607533938622 0.23196884030825485
0.23036274517458094 0.5081851279637981 0.2307616032915358
0.22916594285558475 0.5028395289226371 0.22956272870950856
0.22797741652118447 0.49756948429974807 0.22837214443573625
0.22679709475849558 0.49237376331611715 0.22718977913793134
0.2256249068928195 0.48725115655451523 0.22601556161964467
0.22446078297875596 0.48220047559049156 0.22484942210553854
0.22330465379143907 0.47722055262892393 0.22369129125914303
0.22215645081789154 0.4723102401460791 0.22254110031347937
0.22101610624849935 0.4674684105371676 0.22139878128526633
0.21988355296860115 0.462693955769336 0.22026426693312431
0.21875872455019307 0.45798578704006515 0.21913749103970723
0.21764155524374718 0.4533428344409329 0.2180183873981191
0.21653197997013957 0.4487640466266842 0.21690689103970737
0.21542993431268995 0.44424839048957654 0.21580293715778484
0.2143353545093075 0.43979485083893916 0.21470646207941502
0.2132481774447433 0.43540243008589846 0.213617402774295
0.21216834064294846 0.4310701479332242 0.21253569623824461
0.21109578225953388 0.4267970410702314 0.211461280768025
0.21003044107433172 0.42258216287269035 0.2103940950626958
0.20897225648405818 0.41842458310769226 0.209334078349007
0.2079211684950723 0.41432338764339977 0.20828117049111813
0.2068771177162344 0.4102776781636452 0.20723531185997876
0.20584004535185774 0.40628657188729855 0.2061964439550675
0.20480989319475532 0.4023492012923579 0.20516450822884041
0.20378660361937956 0.3984647138447036 0.20413944683385574
0.2027701195750522 0.39463227173144644 0.20312120288923674
0.20176038457928533 0.39085105159882266 0.20210971961859975
0.2007573427111901 0.38712024429456576 0.20110494080982205
0.1997609386049728 0.3834390546146974 0.20010681167711575
0.19877111744351716 0.37980670105468056 0.1991152766875652
0.19778782495205138 0.37622241556486874 0.19813028160397095
0.1968110073918977 0.3726854433101919 0.19715177284744043
0.19584061155430565 0.36919504243402423 0.19617969683385594
0.1948765847543646 0.36575048382616215 0.19521400084117052
0.1939188748249974 0.3623510508948649 0.1942546327481709
0.19296743011103193 0.35899603934288754 0.1933015405747129
0.19202219946335014 0.35568475694745144 0.1923546734900731
0.1910831322331138 0.35241652334409285 0.1914139802298851
0.19015017826606456 0.34919066981432756 0.19047941082027187
0.18922328789689946 0.3460065390770761 0.18955091573145239
0.188302411943718 0.3428634850837889 0.18862844518286292
0.18738750170254195 0.3397608728172122 0.18771195088819256
0.18647850894190612 0.3366980780937426 0.18680138438348992
0.1855753858975187 0.3336744873693062 0.18589669769070014
0.18467808526699012 0.3306894975487098 0.18499784332288394
0.18378656020463088 0.327742515798409 0.18410477458725205
0.18290076431631475 0.3248329593626324 0.1832174450156742
0.18202065165440928 0.32196025538281475 0.18233580854754433
0.18114617671277053 0.3191238407202773 0.18145981943573655
0.18027729442180135 0.31632316178210407 0.1805894327220481
0.17941396014357427 0.31355767435016496 0.17972460368860993
0.1785561296670148 0.3108268434132244 0.17886528797805626
0.17770375920314752 0.30813014300209324 0.1780114415882968
0.1768568053804017 0.3054670560277637 0.17716302136886103
0.1760152252399766 0.302837074122483 0.17631998422675071
0.17517897623126596 0.30023969748371193 0.17548228717345862
0.17434801620733997 0.2976744347209214 0.17464988849007276
0.17352230342048408 0.2951408027051739 0.1738227459822363
0.1727017965177949 0.29263832642144866 0.1730008184221522
0.17188645453683044 0.2901665388236541 0.17218406474399142
0.17107623690131601 0.2877249806922893 0.17137244428944604
0.17027110341690355 0.28531320049470216 0.1705659167450364
0.16947101426698372 0.28293075424789993 0.16976444224660406
0.16867593000855147 0.28057720538387104 0.16896798133751287
0.16788581156812213 0.2782521246173677 0.1681764949164054
0.16710062023769892 0.2759550898161095 0.1673899441065829
0.16632031767079097 0.2736856858733661 0.16660829035005179
0.16554486587848 0.2714435045828717 0.1658314960292582
0.16477422722553695 0.2692281445160353 0.16505952299373045
0.16400836442658576 0.267039210901402 0.16429233417450362
0.16324724054231501 0.2648763155063248 0.16352989247648875
0.16249081897573667 0.2627390765208109 0.16277216120167198
0.1617390634684902 0.2606271184434972 0.1620191040334376
0.16099193809719334 0.258540071969723 0.16127068513061643
0.1602494072698367 0.25647757388165726 0.16052686870428462
0.1595114357222229 0.2544392669404433 0.15978761940438888
0.15877798851445 0.2524247997803286 0.15905290235632172
0.15804903102743725 0.2504338268047388 0.15832268261755517
0.15732452895949345 0.24846600808426053 0.15759692608672926
0.15660444832292764 0.2465210092565035 0.15687559877742957
0.15588875544070033 0.24459850142779932 0.1561586666353186
0.15517741694311632 0.2426981610767112 0.15544609647335406
0.15447039976455723 0.24081966995931595 0.15473785518808753
0.15376767114025333 0.23896271501622662 0.15403390974921605
0.15306919860309554 0.2371269882813268 0.15333422782654144
0.15237494998048468 0.23531218679218074 0.1526387772570533
0.15168489339121988 0.23351801250209095 0.1519475257732498
0.1509989972424239 0.23174417219377258 0.15126044207419012
0.15031723022650545 0.22999037739461267 0.1505774946499474
0.14963956131815842 0.22825634429348857 0.14989865237722047
0.1489659597713969 0.22654179365911276 0.1492238845611287
0.1482963951166255 0.22484645075987753 0.14855316051724143
0.14763083715774536 0.2231700452851724 0.14788645043887158
0.1469692559692939 0.22151231126814533 0.14722372367293615
0.14631162189361957 0.21987298700988125 0.14656495084639468
0.14565790553808974 0.21825181500497248 0.145910102628004
0.14500807777233163 0.21664854186845273 0.14525914992163044
0.14436210972550684 0.21506291826407353 0.14461206330721021
0.14371997278361706 0.21349469883389174 0.14396881458202723
0.14308163858684292 0.21194364212915076 0.14332937504702176
0.14244707902691323 0.21040951054242457 0.1426937167659354
0.14181626624450588 0.2088920702410063 0.14206181181295716
0.1411891726266794 0.2073910911015144 0.14143363251828636
0.14056577080433455 0.20590634664569618 0.1408091513009404
0.13994603364970562 0.20443761397740337 0.1401883411912228
0.13932993427388177 0.20298467372072188 0.13957117497910104
0.13871744602435662 0.20154730995922912 0.13895762623824479
0.13810854248260737 0.2001253101763627 0.1383476684535008
0.13750319746170156 0.19871846519687533 0.13774127529780578
0.1369013850039318 0.19732656912935853 0.13713842079414856
0.1363030793784788 0.19594941930981413 0.13653907922675035
0.13570825507910048 0.19458681624625274 0.13594322507314546
0.13511688682184889 0.19323856356430258 0.13535083284743996
0.1345289495428132 0.19190446795380664 0.13476187772204806
0.13394441839588853 0.19058433911639128 0.1341763343782656
0.1333632687505715 0.18927798971398888 0.1335941785423199
0.13278547618978032 0.18798523531829406 0.13301538563740845
0.1322110165077004 0.186705894361138 0.13243993136363616
0.13163986570765504 0.18543978808576345 0.13186779168234064
0.131072 0.1841867404989819 0.13129894247648902
