0 659.21536
0.001 659.21991
0.002 659.23233
0.003 659.24644
0.004 659.25922
0.005 659.27346
0.006 659.29017
0.007 659.30855
0.008 659.32805
0.009 659.3486
0.01 659.37019
0.011 659.39282
0.012 659.41644
0.013 659.44104
0.014 659.46659
0.015 659.49309
0.016 659.52052
0.017 659.54887
0.018 659.57812
0.019 659.60826
0.02 659.63927
0.021 659.67113
0.022 659.70382
0.023 659.73732
0.024 659.77158
0.025 659.80659
0.026 659.8423
0.027 659.87866
0.028 659.91564
0.029 659.95317
0.03 659.99119
0.031 660.02964
0.032 660.06845
0.033 660.10752
0.034 660.14678
0.035 660.18612
0.036 660.22544
0.037 660.26462
0.038 660.30354
0.039 660.34207
0.04 660.38005
0.041 660.41735
0.042 660.4538
0.043 660.48922
0.044 660.52342
0.045 660.55621
0.046 660.58739
0.047 660.61672
0.048 660.644
0.049 660.66897
0.05 660.6914
0.051 660.71103
0.052 660.72761
0.053 660.74091
0.054 660.7507
0.055 660.75679
0.056 660.75905
0.057 660.75742
0.058 660.75193
0.059 660.74275
0.06 660.73017
0.061 660.7146
0.062 660.69658
0.063 660.67667
0.064 660.65551
0.065 660.63367
0.066 660.6117
0.067 660.59007
0.068 660.56917
0.069 660.54934
0.07 660.53085
0.071 660.51392
0.072 660.49872
0.073 660.48542
0.074 660.47415
0.075 660.46502
0.076 660.45811
0.077 660.45352
0.078 660.4513
0.079 660.45148
0.08 660.45407
0.081 660.45902
0.082 660.46625
0.083 660.47563
0.084 660.48697
0.085 660.50002
0.086 660.5145
0.087 660.53009
0.088 660.54646
0.089 660.56327
0.09 660.58016
0.091 660.59683
0.092 660.61294
0.093 660.6282
0.094 660.64235
0.095 660.65511
0.096 660.66626
0.097 660.67559
0.098 660.68292
0.099 660.68809
0.1 660.69099
0.101 660.69156
0.102 660.68977
0.103 660.68566
0.104 660.67934
0.105 660.67097
0.106 660.66077
0.107 660.64903
0.108 660.63604
0.109 660.62215
0.11 660.60769
0.111 660.59299
0.112 660.57838
0.113 660.56412
0.114 660.55048
0.115 660.5377
0.116 660.52595
0.117 660.51543
0.118 660.50627
0.119 660.49861
0.12 660.49254
0.121 660.48816
0.122 660.48552
0.123 660.48468
0.124 660.48566
0.125 660.48842
0.126 660.49295
0.127 660.49914
0.128 660.50689
0.129 660.51605
0.13 660.52642
0.131 660.53779
0.132 660.54993
0.133 660.56259
0.134 660.57549
0.135 660.5884
0.136 660.60104
0.137 660.61318
0.138 660.62458
0.139 660.63503
0.14 660.64432
0.141 660.65227
0.142 660.65873
0.143 660.66356
0.144 660.66666
0.145 660.66796
0.146 660.66742
0.147 660.66505
0.148 660.66091
0.149 660.65508
0.15 660.64773
0.151 660.63902
0.152 660.62918
0.153 660.61845
0.154 660.60709
0.155 660.59535
0.156 660.58348
0.157 660.57175
0.158 660.56036
0.159 660.54952
0.16 660.53943
0.161 660.53025
0.162 660.52211
0.163 660.51516
0.164 660.50948
0.165 660.50517
0.166 660.5023
0.167 660.50092
0.168 660.50105
0.169 660.50269
0.17 660.50582
0.171 660.51038
0.172 660.5163
0.173 660.52345
0.174 660.5317
0.175 660.54089
0.176 660.55081
0.177 660.56127
0.178 660.57206
0.179 660.58295
0.18 660.59373
0.181 660.60418
0.182 660.61411
0.183 660.62331
0.184 660.63161
0.185 660.63885
0.186 660.64489
0.187 660.64958
0.188 660.65285
0.189 660.65462
0.19 660.65483
0.191 660.65349
0.192 660.65062
0.193 660.64629
0.194 660.64059
0.195 660.63366
0.196 660.62567
0.197 660.61681
0.198 660.60729
0.199 660.59733
0.2 660.58713
0.201 660.57693
0.202 660.56692
0.203 660.55729
0.204 660.54822
0.205 660.53985
0.206 660.53234
0.207 660.5258
0.208 660.52034
0.209 660.51604
0.21 660.51298
0.211 660.5112
0.212 660.51074
0.213 660.51162
0.214 660.51381
0.215 660.51729
0.216 660.52199
0.217 660.52783
0.218 660.53468
0.219 660.54242
0.22 660.55089
0.221 660.55991
0.222 660.56931
0.223 660.57888
0.224 660.58843
0.225 660.59779
0.226 660.60675
0.227 660.61515
0.228 660.62283
0.229 660.62962
0.23 660.6354
0.231 660.64005
0.232 660.64347
0.233 660.64559
0.234 660.64635
0.235 660.64574
0.236 660.64377
0.237 660.64047
0.238 660.63593
0.239 660.63024
0.24 660.62353
0.241 660.61598
0.242 660.60775
0.243 660.59902
0.244 660.59001
0.245 660.58088
0.246 660.57184
0.247 660.56306
0.248 660.5547
0.249 660.54691
0.25 660.53983
0.251 660.53357
0.252 660.52823
0.253 660.52391
0.254 660.52068
0.255 660.51859
0.256 660.51768
0.257 660.51797
0.258 660.51946
0.259 660.52212
0.26 660.52592
0.261 660.53078
0.262 660.53661
0.263 660.54329
0.264 660.55068
0.265 660.55865
0.266 660.56702
0.267 660.57562
0.268 660.58429
0.269 660.59284
0.27 660.60111
0.271 660.60893
0.272 660.61615
0.273 660.62263
0.274 660.62825
0.275 660.63288
0.276 660.63644
0.277 660.63884
0.278 660.64004
0.279 660.63999
0.28 660.63871
0.281 660.63621
0.282 660.63254
0.283 660.62779
0.284 660.62207
0.285 660.61551
0.286 660.60826
0.287 660.60049
0.288 660.59237
0.289 660.58407
0.29 660.57577
0.291 660.56764
0.292 660.55982
0.293 660.55247
0.294 660.54571
0.295 660.53965
0.296 660.53441
0.297 660.53006
0.298 660.52668
0.299 660.52433
0.3 660.52305
0.301 660.52287
0.302 660.52379
0.303 660.52581
0.304 660.52889
0.305 660.53297
0.306 660.53798
0.307 660.54383
0.308 660.55038
0.309 660.55752
0.31 660.56509
0.311 660.57294
0.312 660.5809
0.313 660.58883
0.314 660.59655
0.315 660.60392
0.316 660.6108
0.317 660.61704
0.318 660.62253
0.319 660.62716
0.32 660.63083
0.321 660.63347
0.322 660.63502
0.323 660.63543
0.324 660.63471
0.325 660.63284
0.326 660.62989
0.327 660.6259
0.328 660.62097
0.329 660.6152
0.33 660.60874
0.331 660.60173
0.332 660.59433
0.333 660.5867
0.334 660.579
0.335 660.57139
0.336 660.56401
0.337 660.55701
0.338 660.55051
0.339 660.54463
0.34 660.53945
0.341 660.53508
0.342 660.53158
0.343 660.52901
0.344 660.52743
0.345 660.52686
0.346 660.52732
0.347 660.5288
0.348 660.53128
0.349 660.53473
0.35 660.53907
0.351 660.54423
0.352 660.5501
0.353 660.55656
0.354 660.56347
0.355 660.57071
0.356 660.5781
0.357 660.58552
0.358 660.5928
0.359 660.5998
0.36 660.60639
0.361 660.61243
0.362 660.61782
0.363 660.62244
0.364 660.6262
0.365 660.62903
0.366 660.63086
0.367 660.63165
0.368 660.63138
0.369 660.63005
0.37 660.62768
0.371 660.62432
0.372 660.62004
0.373 660.61493
0.374 660.60913
0.375 660.60275
0.376 660.59594
0.377 660.58886
0.378 660.58166
0.379 660.57448
0.38 660.56748
0.381 660.56078
0.382 660.5545
0.383 660.54877
0.384 660.54366
0.385 660.53928
0.386 660.53568
0.387 660.53295
0.388 660.53111
0.389 660.53022
0.39 660.53029
0.391 660.53133
0.392 660.53332
0.393 660.53623
0.394 660.54002
0.395 660.54461
0.396 660.54991
0.397 660.55581
0.398 660.56219
0.399 660.56891
0.4 660.57584
0.401 660.58283
0.402 660.58973
0.403 660.59642
0.404 660.60276
0.405 660.60862
0.406 660.6139
0.407 660.6185
0.408 660.62232
0.409 660.62529
0.41 660.62734
0.411 660.62843
0.412 660.62853
0.413 660.62763
0.414 660.62574
0.415 660.6229
0.416 660.61915
0.417 660.61459
0.418 660.60932
0.419 660.60346
0.42 660.59714
0.421 660.59051
0.422 660.58372
0.423 660.57691
0.424 660.57022
0.425 660.56379
0.426 660.55772
0.427 660.55213
0.428 660.54711
0.429 660.54274
0.43 660.5391
0.431 660.53625
0.432 660.53423
0.433 660.5331
0.434 660.53286
0.435 660.53354
0.436 660.53514
0.437 660.53763
0.438 660.54097
0.439 660.54511
0.44 660.54995
0.441 660.55542
0.442 660.56137
0.443 660.5677
0.444 660.57426
0.445 660.5809
0.446 660.5875
0.447 660.59392
0.448 660.60003
0.449 660.60571
0.45 660.61087
0.451 660.6154
0.452 660.61921
0.453 660.62225
0.454 660.62443
0.455 660.62572
0.456 660.62608
0.457 660.62549
0.458 660.62396
0.459 660.62149
0.46 660.61815
0.461 660.61398
0.462 660.6091
0.463 660.6036
0.464 660.59763
0.465 660.59131
0.466 660.58481
0.467 660.57827
0.468 660.57182
0.469 660.56561
0.47 660.55974
0.471 660.55431
0.472 660.54943
0.473 660.54515
0.474 660.54156
0.475 660.53871
0.476 660.53664
0.477 660.53539
0.478 660.535
0.479 660.53549
0.48 660.53685
0.481 660.53909
0.482 660.54218
0.483 660.54606
0.484 660.55068
0.485 660.55593
0.486 660.56171
0.487 660.56787
0.488 660.57427
0.489 660.58077
0.49 660.58722
0.491 660.59347
0.492 660.59939
0.493 660.60488
0.494 660.60984
0.495 660.61417
0.496 660.61781
0.497 660.6207
0.498 660.62277
0.499 660.62399
0.5 660.62433
0.501 660.62374
0.502 660.62224
0.503 660.61981
0.504 660.61648
0.505 660.6123
0.506 660.60735
0.507 660.60173
0.508 660.59558
0.509 660.58906
0.51 660.58234
0.511 660.57561
0.512 660.56904
0.513 660.56277
0.514 660.55695
0.515 660.55167
0.516 660.54704
0.517 660.5431
0.518 660.5399
0.519 660.53749
0.52 660.53589
0.521 660.53513
0.522 660.53524
0.523 660.53623
0.524 660.53813
0.525 660.54097
0.526 660.54474
0.527 660.54945
0.528 660.55507
0.529 660.56152
0.53 660.56869
0.531 660.57641
0.532 660.58447
0.533 660.59259
0.534 660.60051
0.535 660.60796
0.536 660.61473
0.537 660.62062
0.538 660.62552
0.539 660.62935
0.54 660.63206
0.541 660.63363
0.542 660.63408
0.543 660.63342
0.544 660.63166
0.545 660.62883
0.546 660.62496
0.547 660.6201
0.548 660.6143
0.549 660.60765
0.55 660.60028
0.551 660.59238
0.552 660.58415
0.553 660.57589
0.554 660.56788
0.555 660.56045
0.556 660.55386
0.557 660.54832
0.558 660.54396
0.559 660.54085
0.56 660.53893
0.561 660.53809
0.562 660.53815
0.563 660.5389
0.564 660.54018
0.565 660.54184
0.566 660.54379
0.567 660.546
0.568 660.54846
0.569 660.55116
0.57 660.55409
0.571 660.55725
0.572 660.56062
0.573 660.56419
0.574 660.56792
0.575 660.57176
0.576 660.57568
0.577 660.57963
0.578 660.58354
0.579 660.58736
0.58 660.59104
0.581 660.59451
0.582 660.59773
0.583 660.60063
0.584 660.60317
0.585 660.6053
0.586 660.60698
0.587 660.60816
0.588 660.60882
0.589 660.60891
0.59 660.60839
0.591 660.60723
0.592 660.60538
0.593 660.60281
0.594 660.59948
0.595 660.59536
0.596 660.59044
0.597 660.58473
0.598 660.57829
0.599 660.57121
0.6 660.56366
0.601 660.55584
0.602 660.548
0.603 660.5404
0.604 660.53328
0.605 660.52686
0.606 660.52132
0.607 660.51679
0.608 660.51336
0.609 660.51111
0.61 660.51011
0.611 660.51044
0.612 660.51218
0.613 660.51546
0.614 660.52043
0.615 660.52723
0.616 660.53596
0.617 660.54657
0.618 660.55875
0.619 660.57186
0.62 660.58498
0.621 660.59712
0.622 660.60755
0.623 660.61587
0.624 660.62206
0.625 660.6263
0.626 660.62889
0.627 660.6301
0.628 660.63016
0.629 660.62926
0.63 660.62751
0.631 660.62503
0.632 660.62189
0.633 660.61816
0.634 660.61393
0.635 660.60926
0.636 660.60425
0.637 660.599
0.638 660.59359
0.639 660.58815
0.64 660.58276
0.641 660.57753
0.642 660.57254
0.643 660.56788
0.644 660.56361
0.645 660.55978
0.646 660.55644
0.647 660.55362
0.648 660.55136
0.649 660.54966
0.65 660.54855
0.651 660.54804
0.652 660.54815
0.653 660.5489
0.654 660.55031
0.655 660.55242
0.656 660.55526
0.657 660.5589
0.658 660.56341
0.659 660.56886
0.66 660.57533
0.661 660.58287
0.662 660.59149
0.663 660.60107
0.664 660.61138
0.665 660.62204
0.666 660.63257
0.667 660.64246
0.668 660.65126
0.669 660.65862
0.67 660.66431
0.671 660.66821
0.672 660.67024
0.673 660.67038
0.674 660.66862
0.675 660.66495
0.676 660.65936
0.677 660.65191
0.678 660.64272
0.679 660.6321
0.68 660.62058
0.681 660.60888
0.682 660.59784
0.683 660.58817
0.684 660.58031
0.685 660.5743
0.686 660.56994
0.687 660.56685
0.688 660.56472
0.689 660.56329
0.69 660.5624
0.691 660.56195
0.692 660.56188
0.693 660.56215
0.694 660.56275
0.695 660.56366
0.696 660.56487
0.697 660.56637
0.698 660.56813
0.699 660.57014
0.7 660.57238
0.701 660.57482
0.702 660.57743
0.703 660.58017
0.704 660.58299
0.705 660.58587
0.706 660.58873
0.707 660.59155
0.708 660.59426
0.709 660.59682
0.71 660.59917
0.711 660.60127
0.712 660.60306
0.713 660.60449
0.714 660.60551
0.715 660.60609
0.716 660.60615
0.717 660.60567
0.718 660.60457
0.719 660.60281
0.72 660.60035
0.721 660.59714
0.722 660.59315
0.723 660.58839
0.724 660.58288
0.725 660.57669
0.726 660.56995
0.727 660.56284
0.728 660.55556
0.729 660.54834
0.73 660.54142
0.731 660.53502
0.732 660.5293
0.733 660.52443
0.734 660.52051
0.735 660.51763
0.736 660.51586
0.737 660.51527
0.738 660.51593
0.739 660.51792
0.74 660.52134
0.741 660.5263
0.742 660.53288
0.743 660.5411
0.744 660.55086
0.745 660.56186
0.746 660.57358
0.747 660.58535
0.748 660.59643
0.749 660.60624
0.75 660.61441
0.751 660.62079
0.752 660.62544
0.753 660.6285
0.754 660.63018
0.755 660.63065
0.756 660.63008
0.757 660.62862
0.758 660.62639
0.759 660.62348
0.76 660.62
0.761 660.61603
0.762 660.61167
0.763 660.60701
0.764 660.60214
0.765 660.59716
0.766 660.59217
0.767 660.58725
0.768 660.58248
0.769 660.57795
0.77 660.57372
0.771 660.56983
0.772 660.56634
0.773 660.56327
0.774 660.56065
0.775 660.5585
0.776 660.55682
0.777 660.55564
0.778 660.55494
0.779 660.55473
0.78 660.55502
0.781 660.5558
0.782 660.55709
0.783 660.55888
0.784 660.56121
0.785 660.5641
0.786 660.56759
0.787 660.57175
0.788 660.57667
0.789 660.58246
0.79 660.58926
0.791 660.59719
0.792 660.60631
0.793 660.61655
0.794 660.62766
0.795 660.63919
0.796 660.65053
0.797 660.66104
0.798 660.67018
0.799 660.67754
0.8 660.68288
0.801 660.68606
0.802 660.68703
0.803 660.68573
0.804 660.68214
0.805 660.67623
0.806 660.66804
0.807 660.65777
0.808 660.64585
0.809 660.63303
0.81 660.62029
0.811 660.60862
0.812 660.59868
0.813 660.59071
0.814 660.58453
0.815 660.57979
0.816 660.57612
0.817 660.57324
0.818 660.57093
0.819 660.56908
0.82 660.5676
0.821 660.56647
0.822 660.56564
0.823 660.56512
0.824 660.56489
0.825 660.56496
0.826 660.56532
0.827 660.56597
0.828 660.56691
0.829 660.56814
0.83 660.56964
0.831 660.5714
0.832 660.57341
0.833 660.57564
0.834 660.57806
0.835 660.58065
0.836 660.58338
0.837 660.58618
0.838 660.58904
0.839 660.59189
0.84 660.59469
0.841 660.59738
0.842 660.59991
0.843 660.60223
0.844 660.60427
0.845 660.60598
0.846 660.60731
0.847 660.60818
0.848 660.60855
0.849 660.60834
0.85 660.60749
0.851 660.60593
0.852 660.6036
0.853 660.60044
0.854 660.59642
0.855 660.59154
0.856 660.58582
0.857 660.57936
0.858 660.5723
0.859 660.56486
0.86 660.55726
0.861 660.54977
0.862 660.54264
0.863 660.53609
0.864 660.53031
0.865 660.52543
0.866 660.52155
0.867 660.51875
0.868 660.51708
0.869 660.51658
0.87 660.51731
0.871 660.51933
0.872 660.5227
0.873 660.5275
0.874 660.53376
0.875 660.54149
0.876 660.55058
0.877 660.56078
0.878 660.57167
0.879 660.58268
0.88 660.59321
0.881 660.60271
0.882 660.61081
0.883 660.6173
0.884 660.62217
0.885 660.62552
0.886 660.62749
0.887 660.62826
0.888 660.628
0.889 660.62686
0.89 660.62496
0.891 660.62242
0.892 660.61934
0.893 660.61581
0.894 660.61192
0.895 660.60774
0.896 660.60337
0.897 660.59888
0.898 660.59435
0.899 660.58985
0.9 660.58546
0.901 660.58124
0.902 660.57725
0.903 660.57353
0.904 660.57013
0.905 660.56708
0.906 660.56441
0.907 660.56213
0.908 660.56027
0.909 660.55883
0.91 660.55782
0.911 660.55725
0.912 660.55713
0.913 660.55745
0.914 660.55823
0.915 660.55947
0.916 660.5612
0.917 660.56344
0.918 660.56623
0.919 660.56964
0.92 660.57377
0.921 660.57872
0.922 660.58465
0.923 660.5917
0.924 660.6
0.925 660.60955
0.926 660.62019
0.927 660.63152
0.928 660.64297
0.929 660.65387
0.93 660.66361
0.931 660.67173
0.932 660.67794
0.933 660.68207
0.934 660.68404
0.935 660.68383
0.936 660.68141
0.937 660.67678
0.938 660.66996
0.939 660.66109
0.94 660.65048
0.941 660.63868
0.942 660.62645
0.943 660.61468
0.944 660.60409
0.945 660.59513
0.946 660.58788
0.947 660.58214
0.948 660.57764
0.949 660.5741
0.95 660.57127
0.951 660.56901
0.952 660.56722
0.953 660.56583
0.954 660.5648
0.955 660.56411
0.956 660.56375
0.957 660.56371
0.958 660.56398
0.959 660.56457
0.96 660.56547
0.961 660.56667
0.962 660.56816
0.963 660.56995
0.964 660.572
0.965 660.5743
0.966 660.57682
0.967 660.57954
0.968 660.58243
0.969 660.58544
0.97 660.58853
0.971 660.59166
0.972 660.59478
0.973 660.59783
0.974 660.60075
0.975 660.60349
0.976 660.60599
0.977 660.60818
0.978 660.61001
0.979 660.61139
0.98 660.61227
0.981 660.61255
0.982 660.61217
0.983 660.61102
0.984 660.60902
0.985 660.6061
0.986 660.60217
0.987 660.59723
0.988 660.59128
0.989 660.58441
0.99 660.57679
0.991 660.56866
0.992 660.56032
0.993 660.55209
0.994 660.54427
0.995 660.53712
0.996 660.53085
0.997 660.52559
0.998 660.52144
0.999 660.51844
1 660.51663
1.001 660.51604
1.002 660.51667
1.003 660.51857
1.004 660.52176
1.005 660.52626
1.006 660.53209
1.007 660.53919
1.008 660.54747
1.009 660.55669
1.01 660.56653
1.011 660.57654
1.012 660.58623
1.013 660.59514
1.014 660.60293
1.015 660.60937
1.016 660.61439
1.017 660.61802
1.018 660.62038
1.019 660.62161
1.02 660.62187
1.021 660.62129
1.022 660.62001
1.023 660.61813
1.024 660.61576
1.025 660.61296
1.026 660.60982
1.027 660.60641
1.028 660.60278
1.029 660.599
1.03 660.59513
1.031 660.59123
1.032 660.58736
1.033 660.58357
1.034 660.57991
1.035 660.57643
1.036 660.57317
1.037 660.57017
1.038 660.56745
1.039 660.56505
1.04 660.56299
1.041 660.56128
1.042 660.55995
1.043 660.559
1.044 660.55845
1.045 660.55831
1.046 660.55859
1.047 660.55933
1.048 660.56054
1.049 660.56227
1.05 660.56458
1.051 660.56757
1.052 660.57134
1.053 660.57607
1.054 660.58192
1.055 660.58905
1.056 660.59757
1.057 660.60737
1.058 660.61818
1.059 660.62946
1.06 660.64058
1.061 660.65087
1.062 660.65982
1.063 660.66707
1.064 660.67241
1.065 660.67575
1.066 660.67705
1.067 660.67632
1.068 660.67355
1.069 660.66877
1.07 660.66205
1.071 660.65355
1.072 660.64358
1.073 660.63263
1.074 660.62133
1.075 660.61038
1.076 660.60036
1.077 660.59166
1.078 660.5844
1.079 660.57852
1.08 660.57382
1.081 660.5701
1.082 660.56718
1.083 660.56492
1.084 660.56321
1.085 660.56198
1.086 660.56119
1.087 660.56081
1.088 660.5608
1.089 660.56117
1.09 660.56189
1.091 660.56296
1.092 660.56437
1.093 660.5661
1.094 660.56813
1.095 660.57046
1.096 660.57305
1.097 660.57588
1.098 660.57892
1.099 660.58213
1.1 660.58548
1.101 660.58893
1.102 660.59241
1.103 660.5959
1.104 660.59932
1.105 660.60264
1.106 660.60579
1.107 660.60871
1.108 660.61134
1.109 660.61362
1.11 660.61546
1.111 660.61679
1.112 660.61751
1.113 660.61752
1.114 660.61669
1.115 660.61491
1.116 660.61205
1.117 660.60801
1.118 660.60274
1.119 660.59624
1.12 660.58862
1.121 660.58012
1.122 660.57106
1.123 660.56182
1.124 660.55281
1.125 660.5444
1.126 660.53686
1.127 660.53038
1.128 660.52508
1.129 660.52101
1.13 660.51818
1.131 660.51659
1.132 660.51624
1.133 660.51711
1.134 660.51921
1.135 660.52254
1.136 660.52707
1.137 660.53276
1.138 660.53953
1.139 660.54723
1.14 660.55564
1.141 660.56446
1.142 660.57333
1.143 660.58188
1.144 660.58977
1.145 660.59675
1.146 660.60264
1.147 660.60738
1.148 660.61098
1.149 660.61349
1.15 660.61502
1.151 660.61566
1.152 660.61554
1.153 660.61476
1.154 660.6134
1.155 660.61156
1.156 660.60932
1.157 660.60674
1.158 660.60389
1.159 660.60083
1.16 660.59763
1.161 660.59433
1.162 660.59099
1.163 660.58767
1.164 660.58441
1.165 660.58125
1.166 660.57824
1.167 660.57541
1.168 660.5728
1.169 660.57042
1.17 660.56831
1.171 660.56649
1.172 660.56497
1.173 660.56376
1.174 660.56287
1.175 660.56231
1.176 660.56209
1.177 660.56222
1.178 660.56271
1.179 660.56358
1.18 660.56486
1.181 660.56658
1.182 660.56883
1.183 660.57169
1.184 660.57533
1.185 660.57993
1.186 660.58574
1.187 660.59295
1.188 660.60168
1.189 660.61181
1.19 660.62294
1.191 660.63446
1.192 660.64563
1.193 660.65576
1.194 660.66436
1.195 660.67111
1.196 660.67585
1.197 660.67853
1.198 660.67912
1.199 660.67763
1.2 660.67407
1.201 660.66847
1.202 660.66096
1.203 660.65176
1.204 660.64126
1.205 660.63002
1.206 660.6187
1.207 660.60793
1.208 660.59818
1.209 660.58973
1.21 660.58261
1.211 660.57672
1.212 660.57192
1.213 660.56803
1.214 660.56491
1.215 660.56244
1.216 660.56055
1.217 660.55919
1.218 660.55831
1.219 660.55788
1.22 660.55789
1.221 660.55833
1.222 660.55919
1.223 660.56045
1.224 660.56211
1.225 660.56414
1.226 660.56654
1.227 660.56928
1.228 660.57233
1.229 660.57567
1.23 660.57927
1.231 660.58306
1.232 660.58702
1.233 660.59108
1.234 660.5952
1.235 660.5993
1.236 660.60332
1.237 660.60721
1.238 660.61088
1.239 660.61428
1.24 660.61732
1.241 660.61994
1.242 660.62204
1.243 660.62353
1.244 660.62429
1.245 660.6242
1.246 660.62311
1.247 660.62085
1.248 660.61726
1.249 660.61223
1.25 660.6057
1.251 660.59773
1.252 660.58855
1.253 660.57853
1.254 660.56815
1.255 660.55796
1.256 660.54842
1.257 660.5399
1.258 660.53262
1.259 660.52668
1.26 660.52211
1.261 660.51888
1.262 660.51697
1.263 660.51632
1.264 660.5169
1.265 660.51868
1.266 660.52162
1.267 660.52569
1.268 660.53082
1.269 660.53692
1.27 660.54386
1.271 660.55143
1.272 660.5594
1.273 660.56747
1.274 660.57535
1.275 660.58276
1.276 660.58948
1.277 660.59535
1.278 660.60027
1.279 660.60423
1.28 660.60723
1.281 660.60935
1.282 660.61064
1.283 660.61118
1.284 660.61106
1.285 660.61035
1.286 660.60914
1.287 660.60747
1.288 660.60544
1.289 660.60309
1.29 660.60049
1.291 660.59769
1.292 660.59477
1.293 660.59177
1.294 660.58874
1.295 660.58574
1.296 660.58281
1.297 660.57999
1.298 660.57734
1.299 660.57487
1.3 660.57261
1.301 660.5706
1.302 660.56885
1.303 660.56738
1.304 660.56619
1.305 660.5653
1.306 660.5647
1.307 660.56441
1.308 660.56442
1.309 660.56474
1.31 660.56537
1.311 660.56631
1.312 660.56758
1.313 660.5692
1.314 660.57123
1.315 660.57373
1.316 660.57685
1.317 660.58077
1.318 660.58576
1.319 660.59214
1.32 660.60021
1.321 660.61007
1.322 660.62148
1.323 660.6338
1.324 660.64616
1.325 660.65766
1.326 660.6676
1.327 660.67556
1.328 660.68131
1.329 660.68481
1.33 660.68605
1.331 660.68505
1.332 660.68185
1.333 660.67649
1.334 660.66911
1.335 660.65993
1.336 660.64938
1.337 660.638
1.338 660.62645
1.339 660.61537
1.34 660.60522
1.341 660.59627
1.342 660.58856
1.343 660.58202
1.344 660.5765
1.345 660.57186
1.346 660.56797
1.347 660.56474
1.348 660.56208
1.349 660.55997
1.35 660.55835
1.351 660.55722
1.352 660.55657
1.353 660.55637
1.354 660.55664
1.355 660.55737
1.356 660.55855
1.357 660.56018
1.358 660.56225
1.359 660.56475
1.36 660.56766
1.361 660.57097
1.362 660.57463
1.363 660.57861
1.364 660.58287
1.365 660.58734
1.366 660.59196
1.367 660.59666
1.368 660.60136
1.369 660.60598
1.37 660.61042
1.371 660.61461
1.372 660.61845
1.373 660.62186
1.374 660.62474
1.375 660.62701
1.376 660.62855
1.377 660.62925
1.378 660.62896
1.379 660.62754
1.38 660.62479
1.381 660.62055
1.382 660.61467
1.383 660.60711
1.384 660.59797
1.385 660.58756
1.386 660.57639
1.387 660.56509
1.388 660.55429
1.389 660.54451
1.39 660.53609
1.391 660.52917
1.392 660.52378
1.393 660.51988
1.394 660.5174
1.395 660.51625
1.396 660.51635
1.397 660.51766
1.398 660.5201
1.399 660.52362
1.4 660.52815
1.401 660.5336
1.402 660.53984
1.403 660.54669
1.404 660.55396
1.405 660.5614
1.406 660.56877
1.407 660.57583
1.408 660.58237
1.409 660.58824
1.41 660.59334
1.411 660.59762
1.412 660.60106
1.413 660.6037
1.414 660.60558
1.415 660.60676
1.416 660.60729
1.417 660.60723
1.418 660.60665
1.419 660.60561
1.42 660.60415
1.421 660.60234
1.422 660.60023
1.423 660.59787
1.424 660.59532
1.425 660.59262
1.426 660.58984
1.427 660.58702
1.428 660.58421
1.429 660.58146
1.43 660.5788
1.431 660.57629
1.432 660.57395
1.433 660.57181
1.434 660.56991
1.435 660.56825
1.436 660.56686
1.437 660.56575
1.438 660.56493
1.439 660.56441
1.44 660.56418
1.441 660.56427
1.442 660.56467
1.443 660.56539
1.444 660.56647
1.445 660.56795
1.446 660.56991
1.447 660.57247
1.448 660.57584
1.449 660.58033
1.45 660.58631
1.451 660.59413
1.452 660.60395
1.453 660.61552
1.454 660.62815
1.455 660.64086
1.456 660.65271
1.457 660.66297
1.458 660.67121
1.459 660.67726
1.46 660.68107
1.461 660.68267
1.462 660.68211
1.463 660.6794
1.464 660.67462
1.465 660.66788
1.466 660.65936
1.467 660.64941
1.468 660.63851
1.469 660.62724
1.47 660.61618
1.471 660.60582
1.472 660.59646
1.473 660.58824
1.474 660.58115
1.475 660.57511
1.476 660.56999
1.477 660.5657
1.478 660.56213
1.479 660.55923
1.48 660.55694
1.481 660.55522
1.482 660.55405
1.483 660.55341
1.484 660.55331
1.485 660.55372
1.486 660.55465
1.487 660.55609
1.488 660.55803
1.489 660.56045
1.49 660.56335
1.491 660.5667
1.492 660.57048
1.493 660.57463
1.494 660.57911
1.495 660.58387
1.496 660.58882
1.497 660.5939
1.498 660.599
1.499 660.60404
1.5 660.60893
1.501 660.61356
1.502 660.61785
1.503 660.6217
1.504 660.62503
1.505 660.62774
1.506 660.62975
1.507 660.63095
1.508 660.6312
1.509 660.63034
1.51 660.6282
1.511 660.62455
1.512 660.61919
1.513 660.61198
1.514 660.60293
1.515 660.59227
1.516 660.5805
1.517 660.56835
1.518 660.5566
1.519 660.54589
1.52 660.53665
1.521 660.52909
1.522 660.52321
1.523 660.51896
1.524 660.51621
1.525 660.51486
1.526 660.51481
1.527 660.51599
1.528 660.51833
1.529 660.52176
1.53 660.5262
1.531 660.53156
1.532 660.53771
1.533 660.54449
1.534 660.55169
1.535 660.55909
1.536 660.56645
1.537 660.57354
1.538 660.58016
1.539 660.58616
1.54 660.59145
1.541 660.59596
1.542 660.59968
1.543 660.60262
1.544 660.60482
1.545 660.60632
1.546 660.60716
1.547 660.6074
1.548 660.60708
1.549 660.60625
1.55 660.60496
1.551 660.60326
1.552 660.6012
1.553 660.59883
1.554 660.5962
1.555 660.59337
1.556 660.5904
1.557 660.58733
1.558 660.58422
1.559 660.58113
1.56 660.57811
1.561 660.57521
1.562 660.57246
1.563 660.56991
1.564 660.5676
1.565 660.56554
1.566 660.56377
1.567 660.5623
1.568 660.56114
1.569 660.56032
1.57 660.55984
1.571 660.55974
1.572 660.56004
1.573 660.56082
1.574 660.56217
1.575 660.56429
1.576 660.56746
1.577 660.57204
1.578 660.57838
1.579 660.58669
1.58 660.59683
1.581 660.60828
1.582 660.62025
1.583 660.63188
1.584 660.64246
1.585 660.6515
1.586 660.65875
1.587 660.66411
1.588 660.66757
1.589 660.66913
1.59 660.66882
1.591 660.66666
1.592 660.66267
1.593 660.65692
1.594 660.64956
1.595 660.64081
1.596 660.63101
1.597 660.62061
1.598 660.61009
1.599 660.59992
1.6 660.59044
1.601 660.5819
1.602 660.5744
1.603 660.56794
1.604 660.5625
1.605 660.55799
1.606 660.55434
1.607 660.5515
1.608 660.54941
1.609 660.54802
1.61 660.54731
1.611 660.54725
1.612 660.54782
1.613 660.54901
1.614 660.5508
1.615 660.55318
1.616 660.55611
1.617 660.55958
1.618 660.56355
1.619 660.56798
1.62 660.57279
1.621 660.57793
1.622 660.58331
1.623 660.58883
1.624 660.59439
1.625 660.59989
1.626 660.60521
1.627 660.61025
1.628 660.61492
1.629 660.61912
1.63 660.62278
1.631 660.62582
1.632 660.62817
1.633 660.62975
1.634 660.63046
1.635 660.63015
1.636 660.62865
1.637 660.62571
1.638 660.62103
1.639 660.61432
1.64 660.60539
1.641 660.59432
1.642 660.58161
1.643 660.56812
1.644 660.55488
1.645 660.54281
1.646 660.53251
1.647 660.52421
1.648 660.51789
1.649 660.51341
1.65 660.5106
1.651 660.50933
1.652 660.50945
1.653 660.51089
1.654 660.51355
1.655 660.51739
1.656 660.5223
1.657 660.52817
1.658 660.53487
1.659 660.54219
1.66 660.54991
1.661 660.55778
1.662 660.56555
1.663 660.57297
1.664 660.57987
1.665 660.5861
1.666 660.59158
1.667 660.59629
1.668 660.6002
1.669 660.60334
1.67 660.60575
1.671 660.60744
1.672 660.60847
1.673 660.60887
1.674 660.60866
1.675 660.6079
1.676 660.60661
1.677 660.60483
1.678 660.60259
1.679 660.59995
1.68 660.59694
1.681 660.5936
1.682 660.59001
1.683 660.58619
1.684 660.58222
1.685 660.57815
1.686 660.57403
1.687 660.56993
1.688 660.56588
1.689 660.56193
1.69 660.55811
1.691 660.55447
1.692 660.551
1.693 660.54773
1.694 660.54465
1.695 660.54175
1.696 660.53905
1.697 660.53654
1.698 660.53428
1.699 660.53236
1.7 660.53093
1.701 660.53019
1.702 660.53034
1.703 660.53157
1.704 660.53402
1.705 660.53778
1.706 660.54285
1.707 660.54913
1.708 660.55646
1.709 660.56459
1.71 660.57321
1.711 660.58199
1.712 660.59063
1.713 660.59883
1.714 660.60639
1.715 660.61314
1.716 660.61898
1.717 660.62384
1.718 660.62768
1.719 660.63047
1.72 660.6322
1.721 660.63286
1.722 660.63242
1.723 660.63089
1.724 660.62826
1.725 660.62455
1.726 660.6198
1.727 660.61409
1.728 660.60752
1.729 660.60027
1.73 660.59254
1.731 660.58457
1.732 660.57664
1.733 660.569
1.734 660.56186
1.735 660.55542
1.736 660.54978
1.737 660.54504
1.738 660.54122
1.739 660.53834
1.74 660.5364
1.741 660.53536
1.742 660.53522
1.743 660.53593
1.744 660.53748
1.745 660.53984
1.746 660.54296
1.747 660.54681
1.748 660.55134
1.749 660.55647
1.75 660.56213
1.751 660.5682
1.752 660.57455
1.753 660.58104
1.754 660.58749
1.755 660.59375
1.756 660.59964
1.757 660.605
1.758 660.60972
1.759 660.61369
1.76 660.61683
1.761 660.6191
1.762 660.62049
1.763 660.621
1.764 660.62066
1.765 660.61954
1.766 660.61771
1.767 660.61528
1.768 660.61239
1.769 660.60921
1.77 660.60594
1.771 660.60278
1.772 660.59987
1.773 660.59733
1.774 660.59517
1.775 660.59333
1.776 660.59171
1.777 660.59024
1.778 660.58884
1.779 660.58747
1.78 660.58611
1.781 660.58473
1.782 660.58334
1.783 660.58192
1.784 660.5805
1.785 660.57907
1.786 660.57766
1.787 660.57628
1.788 660.57495
1.789 660.57369
1.79 660.57251
1.791 660.57143
1.792 660.57049
1.793 660.56969
1.794 660.56906
1.795 660.56861
1.796 660.56836
1.797 660.56833
1.798 660.56853
1.799 660.56897
1.8 660.56967
1.801 660.57063
1.802 660.57187
1.803 660.57338
1.804 660.57517
1.805 660.57723
1.806 660.57955
1.807 660.58212
1.808 660.58491
1.809 660.58789
1.81 660.59103
1.811 660.59427
1.812 660.59757
1.813 660.60084
1.814 660.60402
1.815 660.60704
1.816 660.60981
1.817 660.61224
1.818 660.61424
1.819 660.61574
1.82 660.61663
1.821 660.61683
1.822 660.61626
1.823 660.61483
1.824 660.61248
1.825 660.60913
1.826 660.60478
1.827 660.59942
1.828 660.59313
1.829 660.58602
1.83 660.57831
1.831 660.57023
1.832 660.56209
1.833 660.55417
1.834 660.54673
1.835 660.54
1.836 660.53415
1.837 660.52928
1.838 660.52546
1.839 660.52273
1.84 660.52112
1.841 660.52064
1.842 660.52131
1.843 660.52315
1.844 660.52618
1.845 660.53043
1.846 660.5359
1.847 660.54257
1.848 660.55036
1.849 660.55911
1.85 660.56854
1.851 660.57829
1.852 660.58791
1.853 660.59696
1.854 660.60505
1.855 660.6119
1.856 660.61737
1.857 660.62141
1.858 660.6241
1.859 660.62555
1.86 660.62592
1.861 660.62536
1.862 660.62403
1.863 660.62207
1.864 660.6196
1.865 660.61672
1.866 660.61353
1.867 660.6101
1.868 660.60648
1.869 660.60275
1.87 660.59895
1.871 660.59513
1.872 660.59133
1.873 660.5876
1.874 660.58399
1.875 660.58052
1.876 660.57723
1.877 660.57416
1.878 660.57133
1.879 660.56877
1.88 660.5665
1.881 660.56454
1.882 660.56291
1.883 660.56161
1.884 660.56068
1.885 660.5601
1.886 660.55991
1.887 660.56011
1.888 660.56071
1.889 660.56175
1.89 660.56326
1.891 660.56527
1.892 660.56786
1.893 660.5711
1.894 660.57511
1.895 660.58
1.896 660.58591
1.897 660.59292
1.898 660.60104
1.899 660.61014
1.9 660.61996
1.901 660.63005
1.902 660.63991
1.903 660.64905
1.904 660.65705
1.905 660.66358
1.906 660.66846
1.907 660.67154
1.908 660.67275
1.909 660.67202
1.91 660.6693
1.911 660.66453
1.912 660.65773
1.913 660.64897
1.914 660.63852
1.915 660.62686
1.916 660.61468
1.917 660.6028
1.918 660.59194
1.919 660.58257
1.92 660.57488
1.921 660.56879
1.922 660.56411
1.923 660.56059
1.924 660.55801
1.925 660.55622
1.926 660.55508
1.927 660.55453
1.928 660.5545
1.929 660.55495
1.93 660.55586
1.931 660.5572
1.932 660.55896
1.933 660.5611
1.934 660.56361
1.935 660.56646
1.936 660.56961
1.937 660.57301
1.938 660.57664
1.939 660.58043
1.94 660.58432
1.941 660.58827
1.942 660.59219
1.943 660.59604
1.944 660.59974
1.945 660.60323
1.946 660.60646
1.947 660.60935
1.948 660.61185
1.949 660.61389
1.95 660.61543
1.951 660.61637
1.952 660.61665
1.953 660.61616
1.954 660.61479
1.955 660.6124
1.956 660.60886
1.957 660.60402
1.958 660.5978
1.959 660.59022
1.96 660.58142
1.961 660.5717
1.962 660.5615
1.963 660.55135
1.964 660.54173
1.965 660.53306
1.966 660.52562
1.967 660.51956
1.968 660.51493
1.969 660.51174
1.97 660.50996
1.971 660.50956
1.972 660.51052
1.973 660.51279
1.974 660.51635
1.975 660.52116
1.976 660.52713
1.977 660.53414
1.978 660.542
1.979 660.55042
1.98 660.55908
1.981 660.5676
1.982 660.57565
1.983 660.58294
1.984 660.58927
1.985 660.59455
1.986 660.59877
1.987 660.602
1.988 660.60432
1.989 660.60583
1.99 660.60664
1.991 660.60684
1.992 660.60649
1.993 660.60567
1.994 660.60443
1.995 660.60281
1.996 660.60087
1.997 660.59865
1.998 660.59617
1.999 660.5935
2 660.59066
